0.9493287637904609	0.05067123620953907
0.9901267005301294	0.009873299469870582
0.9534464346523109	0.046553565347688994
0.9877562610006008	0.012243738999399184
0.9593884977421925	0.04061150225780756
0.9952553533541426	0.004744646645857403
0.9109491703842517	0.08905082961574852
0.9657460085158148	0.03425399148418538
0.977988013930699	0.022011986069300955
0.9669842088637931	0.03301579113620693
0.8939002625983612	0.10609973740163885
0.9398113257195052	0.060188674280494826
0.9505046555397096	0.049495344460290344
0.9820176319574937	0.017982368042506164
0.9626994697399042	0.037300530260096006
0.7861810242539226	0.2138189757460775
0.9560456786769348	0.043954321323065385
0.8532296503864804	0.14677034961351965
0.9943779558955759	0.0056220441044241105
0.9899977146036105	0.010002285396389515
0.9907297471768491	0.00927025282315086
0.9906921632977176	0.009307836702282312
0.9846177173701633	0.015382282629836664
0.9225529484159974	0.07744705158400263
0.9915807844485947	0.008419215551405384
0.9882556369031613	0.011744363096838798
0.9958128373465621	0.004187162653437727
0.977236709562026	0.02276329043797407
0.9853794214878236	0.014620578512176333
0.939959842432259	0.060040157567741
0.9579835558573763	0.04201644414262365
0.9348608515690897	0.06513914843091018
0.941560775293119	0.05843922470688088
0.9571605733917334	0.04283942660826666
0.9860960025895882	0.013903997410411754
0.9812788284015398	0.018721171598460238
0.9255631458327462	0.07443685416725387
0.9970966369024671	0.002903363097532811
0.991335707398039	0.008664292601960877
0.9888144759071971	0.0111855240928029
0.9078105803108302	0.0921894196891698
0.9797701624334384	0.02022983756656157
0.9916590799636122	0.008340920036387678
0.9817660092009575	0.018233990799042508
0.9660728967247387	0.033927103275261196
0.8512854250893921	0.1487145749106076
0.9716290289151781	0.028370971084822033
0.935016094842975	0.06498390515702475
0.9146522329569438	0.0853477670430562
0.9870655527539673	0.01293444724603251
0.9245967602111237	0.07540323978887634
0.9806871247056967	0.019312875294303283
0.9957464817624085	0.004253518237591433
0.9781104231557087	0.02188957684429136
0.9121535211531487	0.0878464788468511
0.9725505737383845	0.027449426261615548
0.9668723678945152	0.03312763210548465
0.9655351070593325	0.034464892940667534
0.9743574255058235	0.025642574494176503
0.9922572210446066	0.0077427789553934185
0.7765758511865201	0.22342414881347977
0.991466827420448	0.00853317257955192
0.9802976079953063	0.01970239200469377
0.9382166635798042	0.06178333642019569
0.9754563729880161	0.024543627011983895
0.9291886939938672	0.07081130600613274
0.9426400356814489	0.057359964318550984
0.9637625965802151	0.03623740341978489
0.9705146711100245	0.029485328889975477
0.9696407984748506	0.03035920152514941
0.9964239417471452	0.003576058252854865
0.9492256927345248	0.05077430726547527
0.841641342000444	0.1583586579995561
0.9693590715485403	0.030640928451459715
0.99495951963531	0.005040480364689931
0.9646073726565035	0.03539262734349633
0.9552193174604482	0.04478068253955178
0.9925244313834133	0.0074755686165866525
0.9538112043145972	0.04618879568540284
0.9744693576437277	0.02553064235627245
0.8643374955037649	0.1356625044962351
0.8366149976131032	0.1633850023868967
0.9789129127421438	0.021087087257856126
0.9491339146038673	0.05086608539613255
0.9678652926263055	0.032134707373694595
0.9437546676251654	0.056245332374834464
0.9580722891009311	0.04192771089906892
0.9553778388562681	0.04462216114373188
0.9842816694345972	0.015718330565402866
0.9461012826022658	0.053898717397734226
0.977810468541601	0.022189531458398935
0.9480368907872206	0.05196310921277933
0.974879036984813	0.025120963015186893
0.8577140458828368	0.14228595411716333
0.9956124022078269	0.004387597792173071
0.9761287932475808	0.02387120675241912
0.9814264033373563	0.018573596662643778
0.9208125779951987	0.07918742200480108
0.9553019848011652	0.044698015198834797
0.9634270864324683	0.03657291356753169
0.9717389994674943	0.028261000532505787
0.9626325968013124	0.03736740319868758
0.8881118615795761	0.11188813842042356
0.993993161514233	0.006006838485766908
0.9824753670044302	0.017524632995569667
0.9822673296743129	0.017732670325687146
0.9788498547225815	0.02115014527741851
0.982429898964938	0.017570101035061996
0.8665153824749983	0.13348461752500193
0.8682850338114912	0.1317149661885087
0.7574947416194693	0.24250525838053053
0.9792098796386515	0.020790120361348485
0.8608331326395251	0.13916686736047484
0.8952045487303352	0.10479545126966464
0.9375742151551536	0.06242578484484646
0.5650948371704051	0.4349051628295951
0.9832341315531701	0.01676586844683003
0.9438410681095831	0.05615893189041682
0.9473505285444848	0.05264947145551526
0.9578212962063762	0.04217870379362388
0.9943160986347375	0.005683901365262522
0.9682485515590857	0.031751448440914334
0.9506694930752585	0.04933050692474157
0.9788668296104588	0.021133170389541052
0.9368265474117071	0.06317345258829278
0.9878352554577077	0.0121647445422923
0.9712908593747319	0.028709140625268116
0.9185192957593505	0.08148070424064924
0.9648152354999372	0.03518476450006274
0.9832248479081185	0.01677515209188143
0.9719056738883143	0.02809432611168573
0.9791798101482042	0.020820189851795817
0.922523938032764	0.07747606196723601
0.9780243004894994	0.02197569951050069
0.9505275397438101	0.04947246025618993
0.96474976402533	0.03525023597467004
0.9220031564851684	0.07799684351483178
0.9763685183145974	0.023631481685402717
0.8336000644314614	0.16639993556853866
0.9274821731526649	0.07251782684733504
0.9790336534468399	0.02096634655316016
0.983048198867572	0.016951801132427998
0.9820026693248606	0.017997330675139516
0.9895938809061265	0.010406119093873407
0.9677837690822597	0.03221623091774027
0.9747251287349397	0.025274871265060422
0.9757831583227955	0.024216841677204556
0.9897420356611154	0.010257964338884524
0.9755524223524509	0.024447577647549134
0.851312887590224	0.1486871124097759
0.9796354830399271	0.020364516960073038
0.9708064918776328	0.02919350812236718
0.9769733133982519	0.023026686601748097
0.9841321068698532	0.015867893130146762
0.9846324951783989	0.01536750482160111
0.9147843959991202	0.0852156040008796
0.8953562709247389	0.10464372907526102
0.9436661934236026	0.0563338065763975
0.9423984196256135	0.057601580374386376
0.9695169251686385	0.030483074831361517
0.9694426704857713	0.030557329514228692
0.9401504748254326	0.059849525174567444
0.9956452904561522	0.004354709543847789
0.9933371270675043	0.0066628729324956955
0.9915566336414594	0.008443366358540679
0.933554832679114	0.06644516732088607
0.9515987563419533	0.0484012436580467
0.9293245656032433	0.07067543439675684
0.988550408302996	0.011449591697003955
0.9949611216222793	0.005038878377720516
0.9729402612817899	0.02705973871821019
0.954672474545934	0.04532752545406598
0.9332882776234619	0.06671172237653802
0.9934092768995626	0.006590723100437443
0.9810538225633243	0.018946177436675732
0.9599692304895753	0.04003076951042465
0.9928863571999212	0.007113642800078687
0.9572363533750762	0.04276364662492383
0.9925021833129347	0.0074978166870652545
0.9683992385926825	0.03160076140731761
0.9918222042754509	0.008177795724549105
0.9974569933155609	0.0025430066844389534
0.7958087189030361	0.2041912810969638
0.9568856636884342	0.04311433631156583
0.9207667084911604	0.07923329150883972
0.9881922760933437	0.011807723906656476
0.8690042112358478	0.13099578876415208
0.5555916652637614	0.4444083347362385
0.9222443621162882	0.07775563788371169
0.9290936628123718	0.07090633718762787
0.9898747120373267	0.010125287962673474
0.9514330514387989	0.048566948561201286
0.8564883145004478	0.1435116854995523
0.997081729585027	0.0029182704149729962
0.9121937707728869	0.08780622922711301
0.9387315653146989	0.06126843468530111
0.7628699012585998	0.23713009874140006
0.9854404453551788	0.014559554644821211
0.9623173850665394	0.03768261493346064
0.9767792157014363	0.023220784298563533
0.9792690440257134	0.020730955974286615
0.9372053799253688	0.06279462007463113
0.9849197384722821	0.015080261527717999
0.98353435711239	0.016465642887609877
0.9873602719693582	0.01263972803064193
0.9169926430245847	0.08300735697541506
0.9754706655793525	0.024529334420647617
0.9880790899697639	0.011920910030236079
0.9694808892873475	0.030519110712652456
0.9496927338938767	0.05030726610612332
0.9821677397233853	0.01783226027661463
0.9580221194020555	0.04197788059794465
0.9205520779177198	0.07944792208228027
0.9746020073569525	0.02539799264304757
0.8675881865850935	0.1324118134149065
0.9269417292109456	0.07305827078905436
0.9809066683586869	0.019093331641313147
0.9136268952503335	0.08637310474966678
0.9758692296562509	0.024130770343749174
0.7741042375168351	0.2258957624831648
0.9580736580731309	0.041926341926868976
0.9857124571852292	0.014287542814770869
0.980465916886786	0.019534083113214137
0.9745846614032632	0.025415338596736742
0.8758536246732186	0.12414637532678123
0.9746925039633882	0.02530749603661181
0.9669762681410932	0.033023731858906835
0.9601206148748197	0.03987938512518026
0.9642558570688544	0.03574414293114555
0.9857390988045059	0.014260901195493978
0.9697792929899673	0.030220707010032717
0.9926820579496984	0.007317942050301702
0.9846439985451777	0.015356001454822348
0.9293227154513318	0.07067728454866795
0.994298563996458	0.00570143600354204
0.9534959866250458	0.04650401337495415
0.9704086443011956	0.02959135569880463
0.9696953515711346	0.030304648428865367
0.7453835533407888	0.2546164466592114
0.947361518571434	0.05263848142856593
0.9744983882433668	0.025501611756633288
0.9890990556807202	0.010900944319279769
0.9802288817511654	0.019771118248834693
0.9849127312325365	0.01508726876746359
0.9980174226972216	0.001982577302778304
0.9687923205880333	0.031207679411966525
0.9127464293435815	0.08725357065641827
0.9958849599033835	0.0041150400966164236
0.9680340516464927	0.031965948353507266
0.9577335131344499	0.042266486865550186
0.9868649406372072	0.01313505936279283
0.9873445698589391	0.012655430141060868
0.8931108108630947	0.1068891891369052
0.961443167139577	0.03855683286042304
0.9541460179419332	0.04585398205806691
0.9897263322952236	0.010273667704776335
0.9725731980830626	0.027426801916937266
0.9934372898786492	0.00656271012135091
0.9547040800401395	0.04529591995986055
0.9006873094346045	0.09931269056539564
0.8320501199843615	0.16794988001563854
0.9757532399711447	0.02424676002885527
0.8832026927295108	0.11679730727048931
0.9821017380419702	0.017898261958029724
0.9434560838544858	0.0565439161455142
0.9486839499587727	0.05131605004122733
0.9281807625320901	0.07181923746790979
0.8580847204725064	0.1419152795274937
0.9941897260158223	0.005810273984177568
0.9932438733192843	0.0067561266807156925
0.8776104677141454	0.12238953228585454
0.9543476912768161	0.04565230872318382
0.9939046048544977	0.006095395145502294
0.9857226851355778	0.014277314864422278
0.9682761725215759	0.031723827478424005
0.9690631844039842	0.030936815596015788
0.9168035086316453	0.08319649136835468
0.9910376109304883	0.008962389069511734
0.979982188467165	0.020017811532835016
0.9555603991995112	0.044439600800488914
0.9932081781716153	0.006791821828384768
0.9551036508957323	0.044896349104267486
0.9332293668902234	0.06677063310977673
0.9830978543112076	0.016902145688792364
0.9464557116650537	0.05354428833494637
0.9808603747600496	0.019139625239950286
0.932482185662265	0.06751781433773507
0.9900431331696222	0.009956866830377886
0.9924739113838195	0.007526088616180536
0.9912773941146203	0.008722605885379651
0.9806158398102156	0.019384160189784387
0.8830029221826363	0.11699707781736367
0.9854843174092296	0.014515682590770483
0.9811828620336458	0.01881713796635432
0.9836457769138859	0.016354223086114016
0.7848011996167573	0.21519880038324285
0.9659295036455031	0.03407049635449688
0.981220584273687	0.018779415726313142
0.9945633362033897	0.0054366637966104595
0.990493367714981	0.009506632285019136
0.9501264519394134	0.04987354806058666
0.9780211239297716	0.021978876070228387
0.8530429911044448	0.14695700889555507
0.9832249438536327	0.01677505614636736
0.9511834956341166	0.04881650436588344
0.8296326271187379	0.17036737288126202
0.997090993602063	0.0029090063979369286
0.9790522109191742	0.020947789080825972
0.9060011714492222	0.09399882855077767
0.9384145967614013	0.06158540323859849
0.9051983401785074	0.09480165982149259
0.9430833511553813	0.056916648844618625
0.9902054934458883	0.009794506554111718
0.9827640059959882	0.01723599400401168
0.9402734641045701	0.059726535895429825
0.7884293946908792	0.21157060530912067
0.9850106659049703	0.014989334095029725
0.9808957679773043	0.01910423202269585
0.9888132440710076	0.011186755928992409
0.9866810283018451	0.013318971698154847
0.9671923337704897	0.0328076662295102
0.9767518098587497	0.023248190141250465
0.9741562512185695	0.025843748781430493
0.9408187637740968	0.059181236225903225
0.9712434221058748	0.02875657789412525
0.9911786733548648	0.008821326645135219
0.8751612594996909	0.12483874050030903
0.9870313785845385	0.012968621415461429
0.9777549425529621	0.02224505744703794
0.9575766364261168	0.04242336357388315
0.9753681566278154	0.024631843372184662
0.9573312034510563	0.0426687965489438
0.9698185215623766	0.03018147843762346
0.9833917616611866	0.016608238338813388
0.9919977256701141	0.008002274329885834
0.9803757076208811	0.019624292379119005
0.9966420564453327	0.0033579435546673177
0.9716516991098153	0.02834830089018468
0.9921050670199437	0.0078949329800564
0.9491739417131559	0.05082605828684412
0.968060458542895	0.031939541457104946
0.9742084459493695	0.02579155405063051
0.972425479500821	0.02757452049917884
0.9887077923215231	0.011292207678476886
0.9546363563649835	0.04536364363501659
0.9782842795403791	0.02171572045962092
0.9408746273979316	0.0591253726020685
0.9651421834212467	0.0348578165787533
0.8411323731784539	0.1588676268215462
0.9018309687851783	0.0981690312148216
0.9931818154309151	0.006818184569084874
0.9944333920806881	0.005566607919311859
0.9859738406132185	0.014026159386781487
0.971480675885122	0.0285193241148781
0.9646728164784879	0.035327183521512116
0.9893296436819681	0.010670356318032015
0.9808616243350586	0.01913837566494129
0.8865431675775615	0.11345683242243856
0.9863293160309734	0.013670683969026575
0.8294187415822282	0.1705812584177718
0.9625867785897284	0.03741322141027151
0.9233946393842244	0.07660536061577547
0.9791227583288811	0.020877241671118974
0.7793633023907994	0.22063669760920046
0.979335890696595	0.020664109303405044
0.9846432592166097	0.015356740783390404
0.976719415673175	0.023280584326824966
0.9784979784003838	0.021502021599616394
0.9152821194509191	0.08471788054908085
0.991405031805289	0.008594968194711129
0.9334273653228996	0.06657263467710037
0.9845866458902757	0.015413354109724412
0.9867010325931089	0.013298967406891064
0.9800998061808032	0.019900193819196818
0.9889899204557933	0.011010079544206705
0.9948383633724103	0.00516163662758967
0.9793295617508085	0.020670438249191445
0.9632404934823445	0.03675950651765539
0.9712395627828019	0.02876043721719799
0.9612853243941479	0.038714675605852115
0.9952258674715678	0.004774132528432094
0.9955464192713896	0.0044535807286103886
0.9837011902649069	0.016298809735093213
0.96351323319536	0.03648676680463996
0.8692774168908027	0.13072258310919754
0.9805060695749038	0.019493930425096194
0.8606310168881677	0.13936898311183238
0.941092301111738	0.05890769888826198
0.834115062516921	0.16588493748307898
0.9648658934388251	0.035134106561174924
0.9822007004442279	0.01779929955577215
0.9282514918269215	0.07174850817307848
0.9739869498197783	0.026013050180221646
0.9841674570546531	0.015832542945346882
0.9836927802992681	0.01630721970073198
0.9472211143120551	0.052778885687945025
0.9516693113448919	0.048330688655108076
0.9745820873613388	0.025417912638661094
0.9923859250608326	0.007614074939167386
0.9365686025912475	0.06343139740875242
0.9918108133596194	0.008189186640380588
0.9838488644642251	0.016151135535774925
0.9858462120829316	0.014153787917068455
0.9886101753818354	0.011389824618164726
0.8606027372978686	0.13939726270213149
0.9661566005029802	0.03384339949701978
0.9917864812144502	0.008213518785549746
0.9614087526765063	0.03859124732349388
0.9947300416790951	0.005269958320904991
0.985616323022757	0.014383676977242922
0.9863446329460817	0.013655367053918328
0.9605886192603652	0.03941138073963471
0.9396316653749682	0.060368334625031626
0.9410772457772493	0.05892275422275076
0.9388823395678917	0.061117660432108104
0.3895967610296773	0.6104032389703227
0.9558322550702427	0.04416774492975736
0.9627968527888299	0.037203147211170205
0.9515023283073777	0.04849767169262226
0.991569544891736	0.008430455108263965
0.9840471131346853	0.015952886865314687
0.9857633370679351	0.014236662932064877
0.9963066701385146	0.0036933298614854186
0.984636459641884	0.015363540358116141
0.9412624795530663	0.05873752044693365
0.9910253637316352	0.008974636268364826
0.9687571664906983	0.03124283350930163
0.9822965582942654	0.017703441705734624
0.9803202870791954	0.019679712920804546
0.9874708611433866	0.012529138856613404
0.9737416230253595	0.026258376974640524
0.9219133765760694	0.07808662342393069
0.9609724982527037	0.03902750174729623
0.9396811969947461	0.060318803005253815
0.9940648577934693	0.005935142206530709
0.9749378967301534	0.025062103269846692
0.8652447032511645	0.1347552967488353
0.8229719048122648	0.17702809518773516
0.9902602030701471	0.00973979692985293
0.9633222939510011	0.036677706048998955
0.9229287609004824	0.07707123909951769
0.9127442552494693	0.08725574475053068
0.9710017315274271	0.02899826847257288
0.9594662487469884	0.04053375125301156
0.9701046934106322	0.029895306589367787
0.9596763411201521	0.040323658879847735
0.6308930514261339	0.36910694857386606
0.9723432422034195	0.027656757796580528
0.9338959411427719	0.06610405885722823
0.9857008948019896	0.014299105198010368
0.995669979517386	0.004330020482613947
0.8396193221662229	0.16038067783377719
0.942974258750294	0.05702574124970623
0.9434195938041964	0.05658040619580352
0.9904417325359579	0.009558267464041982
0.9897858058699944	0.010214194130005568
0.9917206974946607	0.00827930250533939
0.980930283176259	0.01906971682374106
0.9892745420335357	0.010725457966464217
0.9911123582502562	0.008887641749743916
0.9924662732016678	0.007533726798332232
0.9714887783008663	0.02851122169913352
0.9329424564372016	0.06705754356279837
0.9887264783921275	0.011273521607872549
0.86663204767169	0.13336795232831017
0.9678303864406946	0.032169613559305456
0.937936549708507	0.06206345029149284
0.9657816236220631	0.03421837637793695
0.9913728277794722	0.008627172220527836
0.9783429507753234	0.02165704922467665
0.9833515333464676	0.016648466653532396
0.9871933318764172	0.012806668123582858
0.9533913323592903	0.04660866764070969
0.9947087067936171	0.005291293206382767
0.9680469076301325	0.031953092369867646
0.8979569261000985	0.10204307389990161
0.9593206388690884	0.04067936113091152
0.8877091400323914	0.11229085996760843
0.9844844677834047	0.015515532216595216
0.9830969641317261	0.016903035868273852
0.9654512859031291	0.03454871409687098
0.9506006326674739	0.04939936733252618
0.9835285884078749	0.016471411592125073
0.9675969590456381	0.0324030409543618
0.9752076478519729	0.024792352148027115
0.9801138168130246	0.019886183186975357
0.9388546751496051	0.06114532485039501
0.9227192626971292	0.07728073730287074
0.9181663467451957	0.08183365325480434
0.9729813701557131	0.027018629844286844
0.9867329094239046	0.013267090576095403
0.9826909244962939	0.01730907550370605
0.9454825165686054	0.054517483431394544
0.9691629342452985	0.030837065754701472
0.9908998979645925	0.009100102035407596
0.9896961378013436	0.010303862198656515
0.9829765095528608	0.01702349044713922
0.9520704591389225	0.047929540861077445
0.9781977472563697	0.021802252743630346
0.9962365003977672	0.0037634996022326565
0.8711126368947806	0.12888736310521945
0.8737621631315969	0.12623783686840323
0.6221854365836941	0.377814563416306
0.8960476984721402	0.1039523015278599
0.28363215002872133	0.7163678499712786
0.3271150887400724	0.6728849112599276
0.9180431690393658	0.08195683096063411
0.21672336101987316	0.7832766389801271
0.3110559996237061	0.6889440003762938
0.9888216391199145	0.01117836088008542
0.796893136002003	0.20310686399799727
0.29458286055369026	0.7054171394463097
0.9489221617058453	0.05107783829415475
0.9081386969777913	0.09186130302220867
0.33621911267362126	0.6637808873263786
0.936992946862789	0.06300705313721103
0.6697746670773373	0.33022533292266276
0.5227484798077051	0.47725152019229483
0.5727505061667029	0.4272494938332973
0.954164151774797	0.04583584822520311
0.7824753536793486	0.2175246463206515
0.06182186395509317	0.9381781360449067
0.8439946065794872	0.1560053934205126
0.8965464452242095	0.10345355477579084
0.9729886486730818	0.027011351326918197
0.5	0.5
0.5554473532578421	0.444552646742158
0.010193306467551351	0.9898066935324485
0.4904889674992331	0.5095110325007667
0.5808226206449975	0.41917737935500266
0.30201631014016933	0.6979836898598304
0.8128446879213553	0.1871553120786447
0.8855095268513329	0.11449047314866732
0.5399632668827762	0.46003673311722376
0.9320104152004788	0.06798958479952152
0.5909827428434469	0.40901725715655324
0.9087123671731289	0.09128763282687118
0.8291906380001551	0.17080936199984492
0.5734232569260276	0.42657674307397236
0.386624441318254	0.6133755586817459
0.7392300557023803	0.2607699442976195
0.9464409847025815	0.05355901529741847
0.1478230765476624	0.8521769234523376
0.8802043380233849	0.11979566197661498
0.548918224742359	0.45108177525764104
0.1085461225133467	0.8914538774866535
0.9037444181229782	0.09625558187702163
0.8854367367643386	0.11456326323566132
0.5618302008115099	0.4381697991884901
0.7503136447691275	0.2496863552308724
0.7555892234837233	0.2444107765162765
0.9000631704798293	0.09993682952017062
0.9327455924258724	0.06725440757412775
0.7928590715994673	0.2071409284005327
0.8919610912708119	0.10803890872918805
0.861067948033532	0.13893205196646793
0.996088882571468	0.003911117428532056
0.8930569391814273	0.10694306081857284
0.6672461019046645	0.33275389809533545
0.924666023935368	0.07533397606463199
0.8742484717418104	0.12575152825818967
0.893186124051447	0.10681387594855317
0.5761649582863984	0.4238350417136017
0.05054213912767969	0.9494578608723203
0.27316779724061996	0.7268322027593801
0.6941781238525279	0.3058218761474722
0.6169446485098922	0.3830553514901079
0.8525511762557949	0.147448823744205
0.3259194537754636	0.6740805462245363
0.8712520579325614	0.12874794206743867
0.004361806607122589	0.9956381933928773
0.5432353772554738	0.45676462274452606
0.8463696414113887	0.1536303585886112
0.6713605962551703	0.32863940374482986
0.9143258960869942	0.08567410391300573
0.39391606367489784	0.6060839363251022
0.6632403247562783	0.33675967524372186
0.558978390047712	0.44102160995228806
0.8543557592349783	0.14564424076502155
0.7436672371204454	0.25633276287955453
0.8967652697583794	0.1032347302416205
0.8277393395179136	0.17226066048208644
0.8621084249742332	0.13789157502576693
0.4253416488753168	0.5746583511246832
0.6322852472599526	0.36771475274004745
0.9699248102117888	0.030075189788211255
0.5	0.5
0.09035948147583808	0.9096405185241617
0.47980427941794607	0.5201957205820538
0.8139787699348185	0.18602123006518156
0.8845751929397471	0.11542480706025285
0.06439134340174336	0.9356086565982566
0.7825102983242985	0.21748970167570156
0.4790813042480724	0.5209186957519275
0.8702451154769861	0.12975488452301404
0.7762957499173568	0.2237042500826429
0.5574816795324382	0.44251832046756184
0.8248705781576574	0.17512942184234268
0.9614492456938675	0.038550754306132404
0.33216968264485064	0.6678303173551492
0.16173323192562314	0.8382667680743771
0.10499330030476854	0.8950066996952314
0.9512094578280853	0.048790542171914794
0.7119415939622369	0.2880584060377631
0.4158691719491931	0.5841308280508068
0.01494009716614844	0.9850599028338516
0.2868540284207097	0.7131459715792905
0.7034546167265668	0.2965453832734331
0.721929309092557	0.27807069090744296
0.09628834575778984	0.9037116542422102
0.63842359185655	0.36157640814345005
0.4121208305763766	0.5878791694236233
0.8536313731117072	0.14636862688829258
0.3804361611166425	0.6195638388833574
0.7083413572045163	0.2916586427954835
0.9406088489209097	0.05939115107909024
0.6070243264332645	0.3929756735667357
0.8576588527052077	0.14234114729479208
0.9812625659663023	0.018737434033697604
0.35309558837530136	0.6469044116246987
0.9560939082736652	0.043906091726334695
0.10642474654274571	0.8935752534572542
0.8423258490738127	0.15767415092618728
0.8966061534878873	0.1033938465121126
0.7744331902985178	0.22556680970148216
0.468312334281468	0.5316876657185321
0.4664686062840117	0.5335313937159885
0.6631559481635969	0.3368440518364031
0.5412338492300783	0.4587661507699217
0.5810553929365885	0.41894460706341163
0.6823837746877792	0.31761622531222067
0.21804616005007865	0.7819538399499213
0.9706943081978379	0.02930569180216205
0.6574306991234037	0.3425693008765962
0.9284077861623377	0.07159221383766223
0.03766783851237244	0.9623321614876276
0.9666917322357521	0.033308267764247924
0.9662566497747356	0.033743350225264424
0.49057948507652216	0.5094205149234777
0.9838357559513633	0.016164244048636773
0.9394783147978324	0.06052168520216758
0.9348423108536144	0.06515768914638569
0.7998978283631862	0.20010217163681387
0.9518369680926453	0.04816303190735468
0.2337082774418479	0.7662917225581521
0.9246188337501728	0.07538116624982728
0.34895614581674966	0.6510438541832501
0.545915359619228	0.4540846403807721
0.6468520109588225	0.35314798904117745
0.28575625614219713	0.7142437438578029
0.31603988309229214	0.683960116907708
0.9136579178887699	0.08634208211122993
0.8305675586434483	0.16943244135655167
0.8245721984784088	0.17542780152159115
0.947436734702668	0.052563265297332025
0.5740556099379642	0.4259443900620359
0.5173595358543667	0.48264046414563333
0.3551975544217136	0.6448024455782863
0.903291104596325	0.09670889540367497
0.6056365671250817	0.39436343287491826
0.24562903850762832	0.7543709614923717
0.5695618777771567	0.4304381222228433
0.8897563717231489	0.11024362827685118
0.9783700246729561	0.021629975327043766
0.7135020733601307	0.28649792663986945
0.9535463843057163	0.04645361569428381
0.36392610637166184	0.6360738936283383
0.7648886783735237	0.23511132162647622
0.4464443750237298	0.5535556249762702
0.5325841516685266	0.4674158483314735
0.6952031599047097	0.3047968400952905
0.4154046829681058	0.5845953170318942
0.8056972008264092	0.19430279917359058
0.9618757748579393	0.03812422514206079
0.934073262525313	0.06592673747468711
0.8799842996713184	0.12001570032868143
0.3728311665005204	0.6271688334994796
0.6174995881626258	0.38250041183737404
0.021076898674030602	0.9789231013259694
0.51244182051214	0.48755817948785984
0.530708984053368	0.4692910159466319
0.3681296333112898	0.6318703666887102
0.04494953699337042	0.9550504630066295
0.21969936795016268	0.7803006320498374
0.4278569781951994	0.5721430218048007
0.601893845023474	0.398106154976526
0.1771260566286285	0.8228739433713717
0.747443935094807	0.252556064905193
0.8868183218424358	0.11318167815756423
0.9109480884533705	0.08905191154662946
0.5	0.5
0.46964458847761337	0.5303554115223866
0.7090146648337071	0.2909853351662929
0.9448166922991174	0.055183307700882755
0.2594385844951012	0.7405614155048987
0.8277811687915748	0.17221883120842535
0.590694894336111	0.40930510566388906
0.19605174674918815	0.8039482532508119
0.0470246854014841	0.9529753145985159
0.7171771690006056	0.2828228309993947
0.7183911273417305	0.2816088726582695
0.5942251326201818	0.4057748673798182
0.7752469364596216	0.22475306354037827
0.8395336712584476	0.16046632874155245
0.9136176546719046	0.08638234532809567
0.9444452410166357	0.05555475898336429
0.8753423995681295	0.1246576004318704
0.9706897485174695	0.029310251482530494
0.40961301571614056	0.5903869842838594
0.402821028637058	0.5971789713629421
0.7387086763725036	0.26129132362749663
0.12422448274108357	0.8757755172589162
0.9553866173134941	0.044613382686505935
0.9654638843262895	0.03453611567371054
0.5	0.5
0.8904033526235348	0.1095966473764652
0.9467276922180492	0.05327230778195083
0.9533463966997204	0.04665360330027969
0.043094801349794425	0.9569051986502055
0.6318421402577143	0.3681578597422856
0.9185145889794857	0.0814854110205145
0.6162257400539779	0.38377425994602204
0.6048456752422882	0.39515432475771195
0.1370866995232003	0.8629133004767999
0.5075664939403857	0.49243350605961433
0.24456502251998008	0.7554349774800199
0.5790690800653445	0.4209309199346555
0.46776808270703224	0.5322319172929677
0.7231406423492659	0.27685935765073405
0.9501163790156343	0.04988362098436578
0.12921348631475835	0.8707865136852417
0.6785228960152851	0.32147710398471485
0.783803010959987	0.2161969890400132
0.8732435923939322	0.1267564076060678
0.8527105794785406	0.14728942052145952
0.8703116266665133	0.12968837333348693
0.13591334320823015	0.8640866567917702
0.4613749355926349	0.538625064407365
0.9728664769166732	0.027133523083326883
0.6040384253341243	0.39596157466587567
0.6972134918579603	0.3027865081420395
0.8788307406649836	0.12116925933501634
0.8572484674525408	0.14275153254745923
0.8849314463505199	0.11506855364948008
0.0332033354197798	0.96679666458022
0.7761294649251135	0.2238705350748865
0.24037582247989916	0.7596241775201006
0.8893302337597356	0.11066976624026438
0.7973920601228449	0.20260793987715503
0.026006897339342222	0.9739931026606576
0.9097096326989673	0.09029036730103265
0.4778371101977708	0.5221628898022292
0.9348536981692503	0.06514630183074947
0.19828317041678595	0.8017168295832141
0.3632751321751404	0.6367248678248596
0.2816162621363508	0.7183837378636492
0.7715072460525956	0.2284927539474043
0.7489140409156898	0.2510859590843104
0.4201101620533324	0.5798898379466675
0.6990289284655332	0.3009710715344669
0.07170349539889533	0.9282965046011049
0.9303670617656348	0.06963293823436523
0.45735709678661657	0.5426429032133834
0.4103567516258205	0.5896432483741794
0.807419462404663	0.1925805375953371
0.9056886853979362	0.09431131460206364
0.30159967155856693	0.6984003284414333
0.9875326055593188	0.012467394440681253
0.7201398271695859	0.27986017283041414
0.785002131552262	0.21499786844773808
0.9188815989596221	0.08111840104037812
0.20665669117616045	0.7933433088238395
0.6288232346090086	0.3711767653909913
0.10148745372629286	0.8985125462737072
0.5856028850764355	0.4143971149235644
0.9681824712671413	0.03181752873285864
0.6710903205534334	0.3289096794465665
0.5135173703308681	0.48648262966913197
0.6582432315524127	0.34175676844758734
0.8384157070931816	0.16158429290681853
0.946503950835355	0.05349604916464499
0.2751430474645452	0.7248569525354548
0.9130801165271142	0.08691988347288594
0.9013271755441209	0.09867282445587912
0.8022981262670675	0.19770187373293238
0.8642132761679977	0.1357867238320023
0.3042978199371266	0.6957021800628732
0.549935805953919	0.450064194046081
0.35363880664829694	0.6463611933517032
0.28121889211176765	0.7187811078882324
0.8113347936512216	0.18866520634877842
0.07636746398885662	0.9236325360111434
0.5	0.5
0.7873304848871957	0.21266951511280424
0.9254987923541101	0.0745012076458898
0.5867542106374257	0.41324578936257417
0.5670388286984481	0.4329611713015519
0.9750037158590655	0.024996284140934494
0.3508084286513675	0.6491915713486328
0.30470460665117166	0.6952953933488283
0.040787096292773044	0.9592129037072272
0.12020932646907649	0.8797906735309236
0.9242940762241719	0.07570592377582809
0.7754356710746263	0.22456432892537354
0.9605463214389279	0.03945367856107208
0.1504420316999145	0.8495579683000853
0.9811699662959493	0.018830033704050616
0.8687637122115943	0.13123628778840563
0.05115967390758786	0.9488403260924122
0.007440920538397385	0.9925590794616024
0.623118655482674	0.3768813445173261
0.7780526872217769	0.22194731277822308
0.727168283705226	0.2728317162947736
0.8756048110611285	0.12439518893887135
0.9399378883025311	0.060062111697468896
0.7758303629126775	0.22416963708732277
0.6583064953407319	0.341693504659268
0.8692069043180846	0.13079309568191508
0.3109953277780683	0.6890046722219316
0.9544575308435187	0.04554246915648134
0.8899127522446025	0.1100872477553975
0.8718942697136918	0.12810573028630826
0.35660291978208325	0.6433970802179166
0.341632250247489	0.6583677497525111
0.9750662850850607	0.0249337149149395
0.9871947144130266	0.012805285586973381
0.8279662937470652	0.17203370625293488
0.37800397225302684	0.6219960277469732
0.33773041666958264	0.6622695833304174
0.8242187218437346	0.17578127815626526
0.918328457447118	0.08167154255288205
0.9706396990000798	0.029360300999920267
0.3215929233699324	0.6784070766300675
0.8357854974310704	0.16421450256892953
0.61838946834881	0.38161053165119
0.6709890528890121	0.3290109471109878
0.8319323221543119	0.16806767784568846
0.8445039639012372	0.15549603609876259
0.8443491861509399	0.15565081384906004
0.9271059045600836	0.07289409543991625
0.8866342903437098	0.1133657096562902
0.08343229725502463	0.9165677027449753
0.8794511251932428	0.1205488748067573
0.8995551299795933	0.10044487002040672
0.3548187599401436	0.6451812400598564
0.48680307617857665	0.5131969238214233
0.8804133050475845	0.11958669495241547
0.7789035746620295	0.22109642533797064
0.9026661168790302	0.09733388312096976
0.9647853875444528	0.03521461245554717
0.5463505677480898	0.4536494322519102
0.7183946720913391	0.28160532790866094
0.9748949584092135	0.025105041590786515
0.5810235300786344	0.4189764699213656
0.88277498407841	0.11722501592158978
0.7014016050980076	0.29859839490199247
0.14735868813191272	0.8526413118680872
0.24839199783895716	0.7516080021610427
0.35034575277412583	0.649654247225874
0.8897110573893426	0.1102889426106574
0.7439753415182948	0.25602465848170514
0.39448066685692584	0.6055193331430743
0.7074623367174945	0.2925376632825056
0.806133979916609	0.19386602008339107
0.12317721921243906	0.8768227807875608
0.7839654240677792	0.21603457593222083
0.7824045425506249	0.2175954574493752
0.9371816592778938	0.06281834072210637
0.7959121032778491	0.20408789672215086
0.17824154711221188	0.821758452887788
0.9109751466696366	0.08902485333036349
0.6047262142212071	0.3952737857787931
0.46195998604436683	0.538040013955633
0.9733449384535996	0.026655061546400474
0.3101257274876754	0.6898742725123245
0.6086223621209836	0.3913776378790163
0.007822689688209008	0.9921773103117908
0.19721630632922246	0.8027836936707774
0.8674093951363717	0.13259060486362825
0.9681133083598205	0.03188669164017966
0.8261114418048539	0.17388855819514634
0.6324852807534451	0.3675147192465549
0.7274380924236915	0.2725619075763084
0.007980723088784806	0.9920192769112152
0.9577105916684503	0.0422894083315496
0.5	0.5
0.8455103853989129	0.15448961460108734
0.6636921680889478	0.33630783191105224
0.7665938356030003	0.23340616439699968
0.8231126743264505	0.17688732567354948
0.7842639082513747	0.2157360917486251
0.244949280398241	0.7550507196017588
0.7445353661499359	0.25546463385006396
0.9378625001402283	0.06213749985977182
0.8212204858978519	0.178779514102148
0.07996665829516386	0.9200333417048363
0.6672932096302552	0.3327067903697447
0.8613242059038504	0.13867579409614963
0.9678735337390804	0.032126466260919605
0.5179305332980948	0.4820694667019054
0.5116797904215569	0.4883202095784431
0.9757245508872805	0.02427544911271931
0.03826886099356554	0.9617311390064344
0.9770534506398773	0.022946549360122817
0.9596551656201748	0.04034483437982525
0.9397759066333498	0.060224093366650196
0.15811048510366751	0.8418895148963322
0.9413757647193256	0.05862423528067447
0.4432589615983677	0.5567410384016325
0.18519950835787927	0.8148004916421207
0.2671360895640007	0.7328639104359992
0.2805749861939453	0.7194250138060546
0.6065909663367204	0.3934090336632795
0.8443225655185954	0.15567743448140448
0.9408322054592342	0.059167794540765775
0.6992101657892087	0.30078983421079136
0.5980661691115391	0.40193383088846085
0.9522684196734411	0.047731580326558866
0.8755504665701417	0.12444953342985848
0.8970028043080367	0.10299719569196346
0.9386260086375408	0.06137399136245919
0.22077827543920114	0.779221724560799
0.19315432524809623	0.8068456747519039
0.8708282481424128	0.12917175185758734
0.40283402708309496	0.5971659729169052
0.9203011033955237	0.0796988966044765
0.8898072415166594	0.11019275848334052
0.8908163533513284	0.10918364664867175
0.5536970157822573	0.44630298421774256
0.9619009939165669	0.03809900608343308
0.6866822008541823	0.3133177991458178
0.8201850650290629	0.17981493497093703
0.31802067294032593	0.6819793270596743
0.787733331240736	0.21226666875926417
0.9599310565170771	0.04006894348292296
0.5690578621970848	0.4309421378029151
0.8978794608317574	0.10212053916824262
0.9057315515296404	0.09426844847035976
0.0078045018134070155	0.992195498186593
0.5704671524870595	0.42953284751294035
0.7278020649012047	0.2721979350987951
0.31351326604717566	0.6864867339528244
0.6135245590465339	0.3864754409534662
0.959776773510122	0.04022322648987792
0.3352988509906159	0.6647011490093839
0.8203407693812544	0.17965923061874534
0.04826237574457747	0.9517376242554225
0.7029382384329896	0.29706176156701064
0.7148002978789428	0.2851997021210573
0.21123081407448688	0.7887691859255134
0.9547086341989258	0.045291365801074214
0.9598919151457496	0.04010808485425049
0.7766886222942908	0.22331137770570936
0.3406390178396481	0.6593609821603519
0.9465369406009954	0.05346305939900453
0.3529243628097072	0.6470756371902929
0.5662763043413359	0.43372369565866403
0.35886033521189675	0.6411396647881034
0.8567925095944401	0.14320749040555983
0.24961156691634057	0.7503884330836594
0.0633062396901533	0.9366937603098469
0.7043273306682124	0.29567266933178743
0.29456172414531684	0.7054382758546831
0.7793924455955688	0.22060755440443097
0.7887682608582988	0.21123173914170107
0.21815136523036172	0.7818486347696383
0.9181169777143857	0.08188302228561424
0.9311958552165445	0.06880414478345549
0.004593830353057775	0.9954061696469424
0.859214657949222	0.14078534205077808
0.8348209557772949	0.16517904422270538
0.39597853007529626	0.6040214699247036
0.014554766890106019	0.9854452331098941
0.6827634758087087	0.31723652419129145
0.5513843293973639	0.4486156706026359
0.009440944583771933	0.9905590554162281
0.6239454972117783	0.3760545027882217
0.9699497514557749	0.030050248544224955
0.5902730241438964	0.4097269758561037
0.9177889793833274	0.08221102061667267
0.7045924645433964	0.29540753545660353
0.3940205696750971	0.605979430324903
0.35883859279630437	0.6411614072036956
0.8447277232876353	0.1552722767123647
0.21576555502270553	0.7842344449772947
0.2094719575458749	0.7905280424541249
0.00882903360416854	0.9911709663958314
0.8720886817658584	0.1279113182341415
0.691941058881784	0.3080589411182159
0.7897969115256163	0.21020308847438357
0.6641159553885339	0.33588404461146615
0.9318454456572002	0.0681545543427999
0.8710663353875807	0.1289336646124194
0.750481066736457	0.24951893326354305
0.7623402987838608	0.23765970121613944
0.5818940241677992	0.4181059758322006
0.05199865530975536	0.9480013446902448
0.44936022439760737	0.5506397756023927
0.38726813553901657	0.6127318644609835
0.6074711661510498	0.39252883384895026
