[0.81828537 0.18171463]
[0.98223989 0.01776011]
[0.51456297 0.48543703]
[0.06945117 0.93054883]
[0.95024019 0.04975981]
[0.82891648 0.17108352]
[0.43472036 0.56527964]
[0.69632934 0.30367066]
[0.7715011 0.2284989]
[0.78352366 0.21647634]
[0.46493852 0.53506148]
[0.48587113 0.51412887]
[0.4027988 0.5972012]
[0.84675347 0.15324653]
[0.84921629 0.15078371]
[0.68522723 0.31477277]
[0.74908321 0.25091679]
[0.5 0.5]
[0.87307913 0.12692087]
[0.81372447 0.18627553]
[0.95019191 0.04980809]
[0.72804988 0.27195012]
[0.93049291 0.06950709]
[0.21374296 0.78625704]
[0.87619743 0.12380257]
[0.78417296 0.21582704]
[0.71005675 0.28994325]
[0.36049703 0.63950297]
[0.6887927 0.3112073]
[0.52378401 0.47621599]
[0.7850908 0.2149092]
[0.36020956 0.63979044]
[0.93903812 0.06096188]
[0.61429081 0.38570919]
[0.95632521 0.04367479]
[0.74512933 0.25487067]
[0.87508381 0.12491619]
[0.30985068 0.69014932]
[0.8354638 0.1645362]
[0.97281548 0.02718452]
[0.79065756 0.20934244]
[0.5269239 0.4730761]
[0.44531348 0.55468652]
[0.73918657 0.26081343]
[0.89383508 0.10616492]
[0.44674366 0.55325634]
[0.84806494 0.15193506]
[0.83776467 0.16223533]
[0.85033228 0.14966772]
[0.85069213 0.14930787]
[0.95880347 0.04119653]
[0.55202767 0.44797233]
[0.81537528 0.18462472]
[0.56919036 0.43080964]
[0.49161722 0.50838278]
[0.64354375 0.35645625]
[0.53164328 0.46835672]
[0.33161984 0.66838016]
[0.0840684 0.9159316]
[0.77204319 0.22795681]
[0.85935146 0.14064854]
[0.76336572 0.23663428]
[0.84627902 0.15372098]
[0.43270694 0.56729306]
[0.91594712 0.08405288]
[0.45785593 0.54214407]
[0.4205935 0.5794065]
[0.41701871 0.58298129]
[0.87111985 0.12888015]
[0.68267598 0.31732402]
[0.30564988 0.69435012]
[0.61898301 0.38101699]
[0.43890698 0.56109302]
[0.96758976 0.03241024]
[0.90752767 0.09247233]
[0.34159833 0.65840167]
[0.822463 0.177537]
[0.93563394 0.06436606]
[0.73970532 0.26029468]
[0.40014324 0.59985676]
[0.35952834 0.64047166]
[0.45309455 0.54690545]
[0.48294711 0.51705289]
[0.3257441 0.6742559]
[0.67021113 0.32978887]
[0.60247382 0.39752618]
[0.96095769 0.03904231]
[0.22328423 0.77671577]
[0.84009477 0.15990523]
[0.69747302 0.30252698]
[0.8481085 0.1518915]
[0.79328525 0.20671475]
[0.6317245 0.3682755]
[0.55364203 0.44635797]
[0.72364818 0.27635182]
[0.43157265 0.56842735]
[0.45665188 0.54334812]
[0.5111737 0.4888263]
[0.78918812 0.21081188]
[0.62213264 0.37786736]
[0.21606987 0.78393013]
[0.388428 0.611572]
[0.56817041 0.43182959]
[0.89907146 0.10092854]
[0.90433207 0.09566793]
[0.33857269 0.66142731]
[0.97285326 0.02714674]
[0.857611 0.142389]
[0.92780301 0.07219699]
[0.68964109 0.31035891]
[0.88126807 0.11873193]
[0.44655318 0.55344682]
[0.72078972 0.27921028]
[0.53294235 0.46705765]
[0.31419621 0.68580379]
[0.67972382 0.32027618]
[0.73532927 0.26467073]
[0.19660445 0.80339555]
[0.36600283 0.63399717]
[0.1969318 0.8030682]
[0.86820207 0.13179793]
[0.28257226 0.71742774]
[0.42275528 0.57724472]
[0.23805855 0.76194145]
[0.35604989 0.64395011]
[0.7745038 0.2254962]
[0.40549504 0.59450496]
[0.16598541 0.83401459]
[0.8772521 0.1227479]
[0.93527684 0.06472316]
[0.33355735 0.66644265]
[0.88792677 0.11207323]
[0.86570781 0.13429219]
[0.74055599 0.25944401]
[0.25121759 0.74878241]
[0.3139183 0.6860817]
[0.82438038 0.17561962]
[0.53288967 0.46711033]
[0.92490099 0.07509901]
[0.27431538 0.72568462]
[0.67058855 0.32941145]
[0.65854109 0.34145891]
[0.86865444 0.13134556]
[0.7884788 0.2115212]
[0.94191181 0.05808819]
[0.94560033 0.05439967]
[0.50741045 0.49258955]
[0.9198319 0.0801681]
[0.79352339 0.20647661]
[0.36913716 0.63086284]
[0.92625926 0.07374074]
[0.4547302 0.5452698]
[0.10127366 0.89872634]
[0.78166057 0.21833943]
[0.96686854 0.03313146]
[0.86558892 0.13441108]
[0.49322358 0.50677642]
[0.55775072 0.44224928]
[0.35031399 0.64968601]
[0.38407925 0.61592075]
[0.62669726 0.37330274]
[0.59539349 0.40460651]
[0.86621274 0.13378726]
[0.89188068 0.10811932]
[0.6528188 0.3471812]
[0.55676281 0.44323719]
[0.17636615 0.82363385]
[0.89738996 0.10261004]
[0.66040781 0.33959219]
[0.72942631 0.27057369]
[0.89748135 0.10251865]
[0.8035829 0.1964171]
[0.68641211 0.31358789]
[0.88777313 0.11222687]
[0.94073792 0.05926208]
[0.2436242 0.7563758]
[0.84855717 0.15144283]
[0.70437539 0.29562461]
[0.54780662 0.45219338]
[0.48280836 0.51719164]
[0.98852708 0.01147292]
[0.61542135 0.38457865]
[0.27405799 0.72594201]
[0.85096865 0.14903135]
[0.30834869 0.69165131]
[0.64517723 0.35482277]
[0.30072686 0.69927314]
[0.35360761 0.64639239]
[0.17872994 0.82127006]
[0.38521105 0.61478895]
[0.94463788 0.05536212]
[0.11033564 0.88966436]
[0.60585473 0.39414527]
[0.71579037 0.28420963]
[0.1533262 0.8466738]
[0.85071533 0.14928467]
[0.22430702 0.77569298]
[0.45303163 0.54696837]
[0.75332546 0.24667454]
[0.90461018 0.09538982]
[0.13691373 0.86308627]
[0.04114361 0.95885639]
[0.97552522 0.02447478]
[0.78471089 0.21528911]
[0.06467129 0.93532871]
[0.82416802 0.17583198]
[0.4316394 0.5683606]
[0.67188921 0.32811079]
[0.66267229 0.33732771]
[0.35860934 0.64139066]
[0.78862113 0.21137887]
[0.90995672 0.09004328]
[0.42456702 0.57543298]
[0.21626075 0.78373925]
[0.90684577 0.09315423]
[0.36288315 0.63711685]
[0.82392959 0.17607041]
[0.22303044 0.77696956]
[0.56917169 0.43082831]
[0.40747094 0.59252906]
[0.88527724 0.11472276]
[0.20697325 0.79302675]
[0.83346017 0.16653983]
[0.35456247 0.64543753]
[0.61033935 0.38966065]
[0.55353918 0.44646082]
[0.9052364 0.0947636]
[0.74815378 0.25184622]
[0.80481879 0.19518121]
[0.65765886 0.34234114]
[0.94954724 0.05045276]
[0.30819822 0.69180178]
[0.82818509 0.17181491]
[0.15535038 0.84464962]
[0.7075617 0.2924383]
[0.72329716 0.27670284]
[0.5 0.5]
[0.88915462 0.11084538]
[0.33338195 0.66661805]
[0.92214026 0.07785974]
[0.88167374 0.11832626]
[0.61115231 0.38884769]
[0.9361928 0.0638072]
[0.515677 0.484323]
[0.99446445 0.00553555]
[0.59564485 0.40435515]
[0.5235663 0.4764337]
[0.96115519 0.03884481]
[0.92698092 0.07301908]
[0.92970952 0.07029048]
[0.60467452 0.39532548]
[0.68743286 0.31256714]
[0.87229101 0.12770899]
[0.65216596 0.34783404]
[0.6021036 0.3978964]
[0.47248206 0.52751794]
[0.92802042 0.07197958]
[0.36137152 0.63862848]
[0.82981473 0.17018527]
[0.82562165 0.17437835]
[0.63754935 0.36245065]
[0.79067372 0.20932628]
[0.30095206 0.69904794]
[0.80556673 0.19443327]
[0.15103264 0.84896736]
[0.83749332 0.16250668]
[0.3459722 0.6540278]
[0.29526926 0.70473074]
[0.75123745 0.24876255]
[0.50712579 0.49287421]
[0.24222173 0.75777827]
[0.65304865 0.34695135]
[0.97709738 0.02290262]
[0.83417761 0.16582239]
[0.30906497 0.69093503]
[0.74983339 0.25016661]
[0.22261058 0.77738942]
[0.86357386 0.13642614]
[0.40298619 0.59701381]
[0.86684153 0.13315847]
[0.94626737 0.05373263]
[0.54541177 0.45458823]
[0.29481276 0.70518724]
[0.99135897 0.00864103]
[0.8832931 0.1167069]
[0.87720948 0.12279052]
[0.85026755 0.14973245]
[0.59424135 0.40575865]
[0.85654356 0.14345644]
[0.54317834 0.45682166]
[0.94499002 0.05500998]
[0.73722062 0.26277938]
[0.5 0.5]
[0.92473956 0.07526044]
[0.94136079 0.05863921]
[0.31265622 0.68734378]
[0.61409039 0.38590961]
[0.33548167 0.66451833]
[0.96927542 0.03072458]
[0.63418203 0.36581797]
[0.47509213 0.52490787]
[0.82097528 0.17902472]
[0.41802874 0.58197126]
[0.84087555 0.15912445]
[0.03682071 0.96317929]
[0.45193001 0.54806999]
[0.73385072 0.26614928]
[0.12151357 0.87848643]
[0.54640034 0.45359966]
[0.43359687 0.56640313]
[0.44323826 0.55676174]
[0.8907238 0.1092762]
[0.50769599 0.49230401]
[0.68413843 0.31586157]
[0.79392456 0.20607544]
[0.87422635 0.12577365]
[0.98944928 0.01055072]
[0.54252896 0.45747104]
[0.17454033 0.82545967]
[0.94978615 0.05021385]
[0.67099726 0.32900274]
[0.88269143 0.11730857]
[0.92365691 0.07634309]
[0.83965928 0.16034072]
[0.67673942 0.32326058]
[0.89632716 0.10367284]
[0.37625897 0.62374103]
[0.21494536 0.78505464]
[0.29582645 0.70417355]
[0.98200653 0.01799347]
[0.74640835 0.25359165]
[0.0840897 0.9159103]
[0.19530926 0.80469074]
[0.93876471 0.06123529]
[0.71843413 0.28156587]
[0.11984153 0.88015847]
[0.24784186 0.75215814]
[0.78191349 0.21808651]
[0.68078106 0.31921894]
[0.87122182 0.12877818]
[0.56445579 0.43554421]
[0.86959169 0.13040831]
[0.81380742 0.18619258]
[0.91450693 0.08549307]
[0.47243273 0.52756727]
[0.6387157 0.3612843]
[0.65274761 0.34725239]
[0.704275 0.295725]
[0.11978225 0.88021775]
[0.61632915 0.38367085]
[0.9164647 0.0835353]
[0.97549916 0.02450084]
[0.8515438 0.1484562]
[0.56897017 0.43102983]
[0.95047964 0.04952036]
[0.82522666 0.17477334]
[0.41267312 0.58732688]
[0.71574598 0.28425402]
[0.72703673 0.27296327]
[0.81125598 0.18874402]
[0.83642388 0.16357612]
[0.49021608 0.50978392]
[0.86800006 0.13199994]
[0.27409101 0.72590899]
[0.61955015 0.38044985]
[0.81796088 0.18203912]
[0.80268172 0.19731828]
[0.10235605 0.89764395]
[0.45372055 0.54627945]
[0.91493561 0.08506439]
[0.24861671 0.75138329]
[0.33984059 0.66015941]
[0.86739944 0.13260056]
[0.27149634 0.72850366]
[0.47142828 0.52857172]
[0.97221447 0.02778553]
[0.48417699 0.51582301]
[0.79525922 0.20474078]
[0.64138614 0.35861386]
[0.45722415 0.54277585]
[0.98535526 0.01464474]
[0.91097809 0.08902191]
[0.59420728 0.40579272]
[0.72332546 0.27667454]
[0.73074933 0.26925067]
[0.3097004 0.6902996]
[0.299411 0.700589]
[0.94627284 0.05372716]
[0.65568544 0.34431456]
[0.56017121 0.43982879]
[0.9796113 0.0203887]
[0.1772792 0.8227208]
[0.42283737 0.57716263]
[0.94187076 0.05812924]
[0.80533731 0.19466269]
[0.15638128 0.84361872]
[0.21284789 0.78715211]
[0.70707861 0.29292139]
[0.75751909 0.24248091]
[0.57109812 0.42890188]
[0.94484849 0.05515151]
[0.567837 0.432163]
[0.18580133 0.81419867]
[0.2880515 0.7119485]
[0.95995774 0.04004226]
[0.74727553 0.25272447]
[0.37102492 0.62897508]
[0.08014528 0.91985472]
[0.51198905 0.48801095]
[0.95026584 0.04973416]
[0.74142934 0.25857066]
[0.77114093 0.22885907]
[0.28888704 0.71111296]
[0.72987271 0.27012729]
[0.81812389 0.18187611]
[0.11490709 0.88509291]
[0.60745038 0.39254962]
[0.5759626 0.4240374]
[0.81201755 0.18798245]
[0.78580958 0.21419042]
[0.72626086 0.27373914]
[0.63985765 0.36014235]
[0.11482336 0.88517664]
[0.31859588 0.68140412]
[0.17671566 0.82328434]
[0.92813403 0.07186597]
[0.90666501 0.09333499]
[0.91603783 0.08396217]
[0.9939491 0.0060509]
[0.87381862 0.12618138]
[0.8952254 0.1047746]
[0.35060301 0.64939699]
[0.3484277 0.6515723]
[0.23282401 0.76717599]
[0.90744351 0.09255649]
[0.94037259 0.05962741]
[0.93198013 0.06801987]
[0.95291338 0.04708662]
[0.75129764 0.24870236]
[0.71564254 0.28435746]
[0.5 0.5]
[0.70331576 0.29668424]
[0.94875854 0.05124146]
[0.72328944 0.27671056]
[0.12570877 0.87429123]
[0.86926749 0.13073251]
[0.57123925 0.42876075]
[0.86473861 0.13526139]
[0.63017723 0.36982277]
[0.76420238 0.23579762]
[0.8663484 0.1336516]
[0.59321037 0.40678963]
[0.83833797 0.16166203]
[0.97334707 0.02665293]
[0.49315479 0.50684521]
[0.9101505 0.0898495]
[0.93901039 0.06098961]
[0.64096252 0.35903748]
[0.8548973 0.1451027]
[0.27560187 0.72439813]
[0.91483445 0.08516555]
[0.78540377 0.21459623]
[0.70484571 0.29515429]
[0.71656022 0.28343978]
[0.64685937 0.35314063]
[0.3426728 0.6573272]
[0.46431726 0.53568274]
[0.52741254 0.47258746]
[0.82987445 0.17012555]
[0.76797749 0.23202251]
[0.69108614 0.30891386]
[0.94205215 0.05794785]
[0.34991498 0.65008502]
[0.85563827 0.14436173]
[0.48580319 0.51419681]
[0.59960943 0.40039057]
[0.87269825 0.12730175]
[0.71236188 0.28763812]
[0.57002125 0.42997875]
[0.55512356 0.44487644]
[0.60602789 0.39397211]
[0.9225679 0.0774321]
[0.62627121 0.37372879]
[0.35568843 0.64431157]
[0.13702462 0.86297538]
[0.71322197 0.28677803]
[0.75105349 0.24894651]
[0.53094604 0.46905396]
[0.62157522 0.37842478]
[0.5 0.5]
[0.459065 0.540935]
[0.81697281 0.18302719]
[0.70902466 0.29097534]
[0.16752631 0.83247369]
[0.61258454 0.38741546]
[0.68064174 0.31935826]
[0.61668007 0.38331993]
[0.91153685 0.08846315]
[0.80008322 0.19991678]
[9.99966602e-01 3.33981651e-05]
[0.45140158 0.54859842]
[0.62143274 0.37856726]
[0.31508419 0.68491581]
[0.47989513 0.52010487]
[0.22977751 0.77022249]
[0.28806689 0.71193311]
[0.78048241 0.21951759]
[0.49213423 0.50786577]
[0.64926462 0.35073538]
[0.88853479 0.11146521]
[0.35087353 0.64912647]
[0.49424142 0.50575858]
[0.8998722 0.1001278]
[0.76159119 0.23840881]
[0.28349615 0.71650385]
[0.97927999 0.02072001]
[0.71142068 0.28857932]
[0.60285159 0.39714841]
[0.28878825 0.71121175]
[0.75663252 0.24336748]
[0.4772945 0.5227055]
[0.21920298 0.78079702]
[0.17440827 0.82559173]
[0.94073448 0.05926552]
[0.4680674 0.5319326]
[0.5873261 0.4126739]
[0.53166671 0.46833329]
[0.07826436 0.92173564]
[0.38351609 0.61648391]
[0.54568823 0.45431177]
[0.51916647 0.48083353]
[0.20139338 0.79860662]
[0.86055453 0.13944547]
[0.7580121 0.2419879]
[0.08589036 0.91410964]
[0.73204874 0.26795126]
[0.5696943 0.4303057]
[0.63299546 0.36700454]
[0.61169162 0.38830838]
[0.33418436 0.66581564]
[0.61947398 0.38052602]
[0.83016137 0.16983863]
[0.28178317 0.71821683]
[0.5 0.5]
[0.17248364 0.82751636]
[0.1824387 0.8175613]
[0.43221125 0.56778875]
[0.65939601 0.34060399]
[0.38425545 0.61574455]
[0.16008201 0.83991799]
[0.55813131 0.44186869]
[0.43261569 0.56738431]
[0.49342379 0.50657621]
[0.56888831 0.43111169]
[0.57018374 0.42981626]
[0.72641014 0.27358986]
[0.88079535 0.11920465]
[0.82347431 0.17652569]
[0.48202186 0.51797814]
[0.55941613 0.44058387]
[0.75063057 0.24936943]
[0.30528639 0.69471361]
[0.41617283 0.58382717]
[0.04879015 0.95120985]
[0.39071578 0.60928422]
[0.88529107 0.11470893]
[0.14277416 0.85722584]
[0.89822092 0.10177908]
[0.27470898 0.72529102]
[0.21566133 0.78433867]
[0.00348935 0.99651065]
[0.47978716 0.52021284]
[0.82178423 0.17821577]
[0.61187653 0.38812347]
[0.7174177 0.2825823]
[0.47641012 0.52358988]
[0.48527933 0.51472067]
[0.37495354 0.62504646]
[0.74269284 0.25730716]
[0.54321263 0.45678737]
[0.47081246 0.52918754]
[0.58121255 0.41878745]
[0.57061605 0.42938395]
[0.57409266 0.42590734]
[0.62044526 0.37955474]
[0.48320641 0.51679359]
[0.15758199 0.84241801]
[0.18906806 0.81093194]
[0.36589898 0.63410102]
[0.66684786 0.33315214]
[0.53808018 0.46191982]
[0.1888959 0.8111041]
[0.56102424 0.43897576]
[0.71346465 0.28653535]
[0.69968563 0.30031437]
[0.79060075 0.20939925]
[0.83519455 0.16480545]
[0.56058142 0.43941858]
[0.32125779 0.67874221]
[0.28253059 0.71746941]
[0.10518211 0.89481789]
[0.18974057 0.81025943]
[0.62784299 0.37215701]
[0.41798988 0.58201012]
[0.43598642 0.56401358]
[0.24321252 0.75678748]
[0.1876543 0.8123457]
[0.4152576 0.5847424]
[0.61720359 0.38279641]
[0.22043602 0.77956398]
[0.15192995 0.84807005]
[0.39140863 0.60859137]
[0.54996097 0.45003903]
[0.35218043 0.64781957]
[0.36592556 0.63407444]
[0.8095441 0.1904559]
[0.43226749 0.56773251]
[0.5 0.5]
[0.80120845 0.19879155]
[0.26189125 0.73810875]
[0.52729574 0.47270426]
[0.20629708 0.79370292]
[0.41139784 0.58860216]
[0.64694916 0.35305084]
[0.79577269 0.20422731]
[0.41697858 0.58302142]
[0.56347208 0.43652792]
[0.35247873 0.64752127]
[0.39198323 0.60801677]
[0.81441749 0.18558251]
[0.12065974 0.87934026]
[0.08643203 0.91356797]
[0.92579987 0.07420013]
[0.37844523 0.62155477]
[0.69104103 0.30895897]
[0.03563674 0.96436326]
[0.87618377 0.12381623]
[0.26571632 0.73428368]
[0.6909043 0.3090957]
[0.51180141 0.48819859]
[0.70956415 0.29043585]
[0.65359506 0.34640494]
[0.72064965 0.27935035]
[0.37608565 0.62391435]
[0.5 0.5]
[0.22746919 0.77253081]
[0.39107273 0.60892727]
[0.47741702 0.52258298]
[0.84879303 0.15120697]
[0.2837064 0.7162936]
[0.35811137 0.64188863]
[0.63812353 0.36187647]
[0.75622134 0.24377866]
[0.7133807 0.2866193]
[0.34071442 0.65928558]
[0.51451301 0.48548699]
[0.44838815 0.55161185]
[0.46066157 0.53933843]
[0.96290312 0.03709688]
[0.63050601 0.36949399]
[0.26575029 0.73424971]
[0.21684738 0.78315262]
[0.70899189 0.29100811]
[0.72021738 0.27978262]
[0.26986539 0.73013461]
[0.68835096 0.31164904]
[0.22033971 0.77966029]
[0.5610303 0.4389697]
[0.33746253 0.66253747]
[0.6031588 0.3968412]
[0.64651415 0.35348585]
[0.18808015 0.81191985]
[0.29510729 0.70489271]
[0.8352121 0.1647879]
[0.58393041 0.41606959]
[0.90756121 0.09243879]
[0.65140473 0.34859527]
[0.20276719 0.79723281]
[0.05019037 0.94980963]
[0.55386798 0.44613202]
[0.77263688 0.22736312]
[0.38181006 0.61818994]
[0.05569058 0.94430942]
[0.08017198 0.91982802]
[0.69496421 0.30503579]
[0.30388833 0.69611167]
[0.28115885 0.71884115]
[0.855759 0.144241]
[0.81420219 0.18579781]
[0.69798052 0.30201948]
[0.63103637 0.36896363]
[0.5 0.5]
[0.51647611 0.48352389]
[0.52744009 0.47255991]
[0.08719106 0.91280894]
[0.59934201 0.40065799]
[0.84592622 0.15407378]
[0.35194063 0.64805937]
[0.18063767 0.81936233]
[0.79808611 0.20191389]
[0.82672252 0.17327748]
[0.27712683 0.72287317]
[0.46586398 0.53413602]
[0.39416937 0.60583063]
[0.80805542 0.19194458]
[0.58320864 0.41679136]
[0.27164117 0.72835883]
[0.54957206 0.45042794]
[0.30056773 0.69943227]
[0.42242946 0.57757054]
[0.48306779 0.51693221]
[0.37566534 0.62433466]
[0.17967952 0.82032048]
[0.82984156 0.17015844]
[0.32907974 0.67092026]
[0.59175318 0.40824682]
[0.19975436 0.80024564]
[0.95656226 0.04343774]
[0.10080334 0.89919666]
[0.33790468 0.66209532]
[0.57445956 0.42554044]
[0.25264998 0.74735002]
[0.44454098 0.55545902]
[0.2861147 0.7138853]
[0.21425387 0.78574613]
[0.17773919 0.82226081]
[0.23149666 0.76850334]
[0.0977033 0.9022967]
[0.74720521 0.25279479]
[0.42481331 0.57518669]
[0.30191786 0.69808214]
[0.24496787 0.75503213]
[0.71225642 0.28774358]
[0.78851445 0.21148555]
[0.76407341 0.23592659]
[0.4305158 0.5694842]
[0.30320645 0.69679355]
[0.1457492 0.8542508]
[0.72963588 0.27036412]
[0.32155124 0.67844876]
[0.51970493 0.48029507]
[0.77119387 0.22880613]
[0.60860999 0.39139001]
[0.45454968 0.54545032]
[0.14077373 0.85922627]
[0.53370752 0.46629248]
[0.18717625 0.81282375]
[0.22015552 0.77984448]
[0.40135083 0.59864917]
[0.13872985 0.86127015]
[0.83186979 0.16813021]
[0.51117339 0.48882661]
[0.6826859 0.3173141]
[0.32790478 0.67209522]
[0.41681354 0.58318646]
[0.44591275 0.55408725]
[0.35399879 0.64600121]
[0.49483458 0.50516542]
[0.4385311 0.5614689]
[0.33507608 0.66492392]
[0.05769105 0.94230895]
[0.58783595 0.41216405]
[0.40144288 0.59855712]
[0.34571363 0.65428637]
[0.49278951 0.50721049]
[0.48759492 0.51240508]
[0.26556113 0.73443887]
[0.83058922 0.16941078]
[0.51642776 0.48357224]
[0.27010686 0.72989314]
[0.73584738 0.26415262]
[0.22959201 0.77040799]
[0.65504633 0.34495367]
[0.20408578 0.79591422]
[0.53990822 0.46009178]
[0.56562871 0.43437129]
[0.78348731 0.21651269]
[0.68394166 0.31605834]
[0.12618468 0.87381532]
[0.58788462 0.41211538]
[0.89210619 0.10789381]
[0.44584773 0.55415227]
[0.87584564 0.12415436]
[0.35318725 0.64681275]
[0.40183612 0.59816388]
[0.62062826 0.37937174]
[0.20340029 0.79659971]
[0.61404944 0.38595056]
[0.41452243 0.58547757]
[0.37338013 0.62661987]
[0.79206537 0.20793463]
[0.21328557 0.78671443]
[0.27779104 0.72220896]
[0.20744277 0.79255723]
[0.22638696 0.77361304]
[0.47699103 0.52300897]
[0.29168291 0.70831709]
[0.78279621 0.21720379]
[0.5535439 0.4464561]
[0.31961086 0.68038914]
[0.03799259 0.96200741]
[0.19271423 0.80728577]
[0.5 0.5]
[0.47411954 0.52588046]
[0.55476744 0.44523256]
[0.71777768 0.28222232]
[0.8550372 0.1449628]
[0.60681738 0.39318262]
[0.17501546 0.82498454]
[0.06442417 0.93557583]
[0.21964804 0.78035196]
[0.43456429 0.56543571]
[0.77164902 0.22835098]
[0.4440806 0.5559194]
[0.32701495 0.67298505]
[0.32060337 0.67939663]
[0.35919802 0.64080198]
[0.53986996 0.46013004]
[0.0522803 0.9477197]
[0.59026054 0.40973946]
[0.54065873 0.45934127]
[0.41826749 0.58173251]
[0.48292097 0.51707903]
[0.37780045 0.62219955]
[0.73626621 0.26373379]
[0.5192928 0.4807072]
[0.76741275 0.23258725]
[0.44333151 0.55666849]
[0.11454507 0.88545493]
[0.88851332 0.11148668]
[0.72060759 0.27939241]
[0.72306865 0.27693135]
[0.2042765 0.7957235]
[0.78558715 0.21441285]
[0.71365006 0.28634994]
[0.63848704 0.36151296]
[0.53288198 0.46711802]
[0.89207728 0.10792272]
[0.28969524 0.71030476]
[0.63093104 0.36906896]
[0.71284349 0.28715651]
[0.24160005 0.75839995]
[0.39326896 0.60673104]
[0.59841593 0.40158407]
[0.20269441 0.79730559]
[0.78443256 0.21556744]
[0.55123288 0.44876712]
[0.05415229 0.94584771]
[0.87047379 0.12952621]
[0.55095325 0.44904675]
[0.25640612 0.74359388]
[0.54227457 0.45772543]
[0.34615428 0.65384572]
[0.5687818 0.4312182]
[0.58637083 0.41362917]
[0.73896175 0.26103825]
[0.33648108 0.66351892]
[0.22209306 0.77790694]
[0.77268567 0.22731433]
[0.71812187 0.28187813]
[0.61932086 0.38067914]
[0.60708896 0.39291104]
[0.64493393 0.35506607]
[0.35430478 0.64569522]
[0.02295166 0.97704834]
[0.62419369 0.37580631]
[0.5150734 0.4849266]
[0.60570328 0.39429672]
[0.42622093 0.57377907]
[0.28265063 0.71734937]
[0.71038636 0.28961364]
[0.17306836 0.82693164]
[0.32496604 0.67503396]
[0.76833378 0.23166622]
[0.55639123 0.44360877]
[0.57461815 0.42538185]
[0.00940549 0.99059451]
[0.43592232 0.56407768]
[0.30243181 0.69756819]
[0.65188712 0.34811288]
[0.37437495 0.62562505]
[0.58094535 0.41905465]
[0.52669417 0.47330583]
[0.00476518 0.99523482]
[0.79371555 0.20628445]
[0.17453167 0.82546833]
[0.67195515 0.32804485]
[0.59410518 0.40589482]
[0.59285818 0.40714182]
[0.33683941 0.66316059]
[0.24084772 0.75915228]
[0.41641128 0.58358872]
[0.24969954 0.75030046]
[0.77680704 0.22319296]
[0.86806768 0.13193232]
[0.14932198 0.85067802]
[0.62245742 0.37754258]
[0.4698559 0.5301441]
[0.79149528 0.20850472]
[0.22302301 0.77697699]
[0.63685263 0.36314737]
[0.05990525 0.94009475]
[0.04716074 0.95283926]
[0.74265915 0.25734085]
[0.82012301 0.17987699]
[0.890136 0.109864]
[0.29368925 0.70631075]
[0.63791644 0.36208356]
[0.24329948 0.75670052]
[0.09409271 0.90590729]
[0.5 0.5]
[0.33645427 0.66354573]
[0.41405602 0.58594398]
[0.36347394 0.63652606]
[0.77751255 0.22248745]
[0.29573536 0.70426464]
[0.15039354 0.84960646]
[0.34114465 0.65885535]
[0.85117241 0.14882759]
[0.6336177 0.3663823]
[0.39976764 0.60023236]
[0.17605399 0.82394601]
[0.49309332 0.50690668]
[0.42332543 0.57667457]
[0.14385252 0.85614748]
[0.95885668 0.04114332]
[0.5 0.5]
[0.36576639 0.63423361]
[0.38935252 0.61064748]
[0.51341694 0.48658306]
[0.35273426 0.64726574]
[0.49325515 0.50674485]
[0.11598534 0.88401466]
[0.87563546 0.12436454]
[0.89398119 0.10601881]
[0.23699231 0.76300769]
[0.74668046 0.25331954]
[0.68649486 0.31350514]
[0.01060686 0.98939314]
[0.1160556 0.8839444]
[0.25765322 0.74234678]
[0.36347105 0.63652895]
[0.88365106 0.11634894]
[0.22341415 0.77658585]
[0.40578559 0.59421441]
[0.77904305 0.22095695]
[0.18648185 0.81351815]
[0.79305127 0.20694873]
[0.88366055 0.11633945]
[0.15953339 0.84046661]
[0.62107174 0.37892826]
[0.90707334 0.09292666]
[0.68833639 0.31166361]
[0.02426502 0.97573498]
[0.39680793 0.60319207]
[0.13738412 0.86261588]
[0.1845402 0.8154598]
[0.63359677 0.36640323]
[0.90747151 0.09252849]
[0.609433 0.390567]
[0.13577372 0.86422628]
[0.7285114 0.2714886]
[0.44575634 0.55424366]
[0.64994387 0.35005613]
[0.59958313 0.40041687]
[0.59324915 0.40675085]
[0.10152015 0.89847985]
[0.63091661 0.36908339]
[0.01067015 0.98932985]
[0.49365655 0.50634345]
[0.62099122 0.37900878]
[0.48744216 0.51255784]
[0.03479194 0.96520806]
[0.43859099 0.56140901]
[0.43784267 0.56215733]
[0.05804632 0.94195368]
[0.33892151 0.66107849]
[0.54784756 0.45215244]
[0.35442853 0.64557147]
[0.76180835 0.23819165]
[0.39130612 0.60869388]
[0.47308011 0.52691989]
[0.12239129 0.87760871]
[0.41944288 0.58055712]
[0.40266217 0.59733783]
[0.19952997 0.80047003]
[0.00566682 0.99433318]
[0.64955255 0.35044745]
[0.63225909 0.36774091]
[0.7182993 0.2817007]
[0.83130733 0.16869267]
[0.85160417 0.14839583]
[0.83031649 0.16968351]
[0.0875029 0.9124971]
[0.56881857 0.43118143]
[0.18211479 0.81788521]
[0.08293236 0.91706764]
[0.19870255 0.80129745]
[0.06564265 0.93435735]
[0.61650743 0.38349257]
