0.5222011027623163	0.4777988972376837
0.9835764977823025	0.016423502217697478
0.6422863499056681	0.3577136500943319
0.014284135222222645	0.9857158647777773
0.9684396944150641	0.031560305584935826
0.809351513020294	0.19064848697970588
0.2455733218155214	0.7544266781844787
0.8932639989360169	0.10673600106398293
0.6478298726382511	0.352170127361749
0.8852044612856269	0.11479553871437306
0.09893150949992871	0.9010684905000711
0.09163586841808537	0.9083641315819146
0.16597706848678642	0.8340229315132138
0.9411752577464002	0.058824742253599904
0.8573939359786578	0.14260606402134227
0.5749226804856848	0.4250773195143151
0.751105150746365	0.24889484925363506
0.05084881980182091	0.949151180198179
0.9385373839779664	0.06146261602203357
0.8648686655464938	0.1351313344535062
0.9488268787084768	0.05117312129152323
0.6246373612441681	0.37536263875583187
0.9112072728580476	0.08879272714195208
0.016246295954459443	0.9837537040455406
0.8535851093078003	0.1464148906921998
0.6400576196236208	0.35994238037637916
0.8444083283109101	0.15559167168908994
0.4863306209419901	0.51366937905801
0.8185729068895778	0.18142709311042188
0.7305526883443513	0.2694473116556489
0.8815933274301787	0.11840667256982128
0.06027915948793501	0.9397208405120648
0.974815610735944	0.025184389264055966
0.4188376678054751	0.581162332194525
0.9440894443210254	0.0559105556789745
0.520463035486525	0.479536964513475
0.9139373177281301	0.0860626822718697
0.5172876842818946	0.48271231571810524
0.9660950976557408	0.033904902344259226
0.9730079910697365	0.026992008930263604
0.5551832482678256	0.44481675173217433
0.2749330791945946	0.7250669208054054
0.38074151098679565	0.6192584890132043
0.6352125505048147	0.3647874494951853
0.8463180387068477	0.15368196129315206
0.5936123152468057	0.40638768475319437
0.9089619840034345	0.09103801599656548
0.689703729271958	0.3102962707280419
0.36253763358541613	0.6374623664145839
0.9664409841526126	0.03355901584738744
0.8647355252410004	0.13526447475899947
0.8885438467295528	0.1114561532704473
0.615331444001373	0.384668555998627
0.91738032926494	0.08261967073506017
0.5899579344198647	0.41004206558013534
0.6599254761717457	0.34007452382825437
0.2279276003923997	0.7720723996076001
0.36761457144982973	0.6323854285501703
0.07176885209223038	0.9282311479077697
0.8065411297540265	0.19345887024597364
0.8234924520111053	0.17650754798889484
0.3101636893258652	0.689836310674135
0.807593088515448	0.19240691148455202
0.1151303121201468	0.8848696878798531
0.975206847191748	0.024793152808252148
0.8029594919786719	0.19704050802132808
0.24178959494810656	0.7582104050518934
0.48122643214725047	0.5187735678527496
0.8805271994896576	0.1194728005103425
0.9038033504179193	0.09619664958208046
0.21540223124847696	0.7845977687515231
0.8319406246788706	0.1680593753211293
0.47814648463760157	0.5218535153623985
0.9603694218947456	0.03963057810525443
0.9662059850958229	0.03379401490417707
0.21408818943054056	0.7859118105694598
0.8667217568868396	0.13327824311316042
0.861133640367314	0.13886635963268568
0.8735067552439654	0.1264932447560346
0.2559730766079038	0.744026923392096
0.2934952808954173	0.7065047191045826
0.5051748981131422	0.4948251018868578
0.12985965244457698	0.8701403475554231
0.3028327937327988	0.6971672062672013
0.8226523674191023	0.17734763258089756
0.31118625480019835	0.688813745199802
0.8717910525764464	0.1282089474235534
0.03125127758300002	0.968748722417
0.8182368382382692	0.18176316176173102
0.914248327293146	0.08575167270685413
0.7419046219628429	0.2580953780371571
0.835987201469511	0.1640127985304889
0.7314010949901204	0.2685989050098795
0.20341157247956657	0.7965884275204332
0.7462682379822949	0.253731762017705
0.28242138935506833	0.7175786106449317
0.5808983479854675	0.41910165201453253
0.13027060492582765	0.8697293950741722
0.872557407433112	0.12744259256688822
0.206335120025209	0.7936648799747911
0.025977213764405302	0.9740227862355948
0.23788778476937364	0.7621122152306263
0.17994561796098757	0.8200543820390124
0.9725949075945454	0.027405092405454554
0.8490474908531238	0.15095250914687627
0.3762486769027253	0.6237513230972747
0.8488380693102093	0.15116193068979086
0.7678356193447511	0.232164380655249
0.6107537940415517	0.38924620595844833
0.7237010446229926	0.2762989553770074
0.6775255953167952	0.3224744046832048
0.2941677364539658	0.7058322635460342
0.4255972047226668	0.5744027952773333
0.5853710419957923	0.4146289580042077
0.5494201530097279	0.4505798469902722
0.1464935469151876	0.8535064530848125
0.9393654075947215	0.0606345924052784
0.09849948233271463	0.9015005176672853
0.2412071836375449	0.7587928163624549
0.271124942748775	0.728875057251225
0.6589128275420336	0.3410871724579663
0.15010104740914065	0.8498989525908592
0.6289072150963675	0.3710927849036325
0.14818954558030695	0.8518104544196929
0.14581659879988554	0.8541834012001144
0.8297080016629264	0.1702919983370737
0.24701153295002914	0.7529884670499709
0.05994719920079839	0.9400528007992016
0.6528387335977767	0.3471612664022233
0.8391072521144763	0.16089274788552352
0.28502197962576314	0.7149780203742369
0.735128397226157	0.264871602773843
0.9538413751244207	0.046158624875579195
0.8359437926097981	0.16405620739020188
0.021180434398220246	0.9788195656017795
0.4023846853812061	0.5976153146187938
0.5746521148738598	0.4253478851261402
0.3642674477692196	0.6357325522307804
0.7843570490484474	0.21564295095155261
0.1835623139037126	0.8164376860962871
0.42893414164252636	0.5710658583574736
0.8455568259864353	0.1544431740135646
0.8602032586755822	0.13979674132441783
0.6787940584628517	0.3212059415371485
0.8943389148472062	0.10566108515279375
0.9467608348607415	0.05323916513925841
0.49440396707131157	0.5055960329286885
0.9313465193858167	0.0686534806141832
0.8924579756736233	0.10754202432637663
0.1713007654528109	0.8286992345471892
0.9624092060033869	0.03759079399661303
0.15148841860443452	0.8485115813955654
0.050598775045269974	0.9494012249547301
0.5162463700318369	0.483753629968163
0.8755130747859138	0.12448692521408633
0.7411833358786994	0.25881666412130067
0.908306852244981	0.09169314775501912
0.41221262582355	0.5877873741764498
0.2123786787499073	0.7876213212500928
0.13270366688245674	0.8672963331175432
0.3513659535258763	0.6486340464741238
0.3531780671142119	0.6468219328857882
0.8968526821013009	0.1031473178986993
0.9794781122666331	0.02052188773336704
0.8302982798802433	0.1697017201197568
0.5224408671448225	0.4775591328551777
0.36905718909276375	0.6309428109072361
0.8983918941136626	0.10160810588633741
0.494064472313693	0.505935527686307
0.8590369827949694	0.14096301720503054
0.9251363982622501	0.07486360173774971
0.7004536860267806	0.2995463139732191
0.4499238399660591	0.5500761600339409
0.8941374709791927	0.10586252902080727
0.9459251299415168	0.054074870058483195
0.3222244940092495	0.6777755059907506
0.9495850172767648	0.050414982723235253
0.9385909215896154	0.061409078410384635
0.3503680504699046	0.6496319495300956
0.15631332079854354	0.8436866792014566
0.9401479367541596	0.05985206324584025
0.5791302409774863	0.4208697590225139
0.06984740574010025	0.9301525942598997
0.7685123100823298	0.23148768991767038
0.044744581038368196	0.9552554189616319
0.6220404420472021	0.37795955795279784
0.18423903937288275	0.8157609606271172
0.05013523795789028	0.9498647620421097
0.1126866112807171	0.8873133887192829
0.4364827680446285	0.5635172319553715
0.8471375241819837	0.15286247581801618
0.21563243671991694	0.7843675632800828
0.4047578523459571	0.595242147654043
0.9492163287854298	0.050783671214570315
0.04236702101851435	0.9576329789814855
0.8360818141973937	0.16391818580260611
0.018514646591275996	0.9814853534087238
0.4191533947718517	0.5808466052281483
0.8219625450526227	0.1780374549473773
0.9156783926719537	0.08432160732804625
0.029534195514982348	0.9704658044850176
0.06287446748416155	0.9371255325158385
0.9870465332899506	0.012953466710049428
0.9005793375068641	0.09942066249313586
0.021972411947384612	0.9780275880526154
0.9459053259716427	0.05409467402835732
0.07552104991947141	0.9244789500805284
0.7163123312611764	0.2836876687388238
0.7147935686628247	0.28520643133717505
0.03144875020640236	0.9685512497935976
0.6863405462537288	0.31365945374627097
0.8952188748810859	0.10478112511891419
0.03423790483728326	0.9657620951627166
0.15749986329440033	0.8425001367055996
0.7625188654119649	0.23748113458803524
0.09444649340811484	0.905553506591885
0.8393719355647411	0.16062806443525868
0.06538806724215596	0.934611932757844
0.38786469067263024	0.6121353093273698
0.22386395104609055	0.7761360489539094
0.9035799483931483	0.09642005160685199
0.02781638942876602	0.972183610571234
0.8498771970871263	0.15012280291287367
0.1419494841631089	0.8580505158368911
0.5	0.5
0.49204865470501047	0.5079513452949894
0.932583966611334	0.06741603338866585
0.5654920817550858	0.4345079182449142
0.880418572498772	0.11958142750122809
0.662535599823823	0.3374644001761769
0.945373446338784	0.05462655366121621
0.6529043347194556	0.3470956652805446
0.9214524210615894	0.07854757893841037
0.04064782807805186	0.9593521719219482
0.8826572013773322	0.11734279862266787
0.6341365573008949	0.3658634426991052
0.3530267654721044	0.6469732345278956
0.8634604383711004	0.1365395616288995
0.4012596059254322	0.5987403940745678
0.9090858159439037	0.09091418405609637
0.7870150035415224	0.21298499645847746
0.6166762983896849	0.38332370161031515
0.9589961389394962	0.04100386106050378
0.7011804687556842	0.29881953124431593
0.9866709823368854	0.013329017663114565
0.4036876227844079	0.596312377215592
0.7309486619021113	0.2690513380978888
0.9006481377753317	0.09935186222466834
0.16764370940528914	0.8323562905947107
0.9685390515686861	0.03146094843131389
0.8741345424992785	0.12586545750072137
0.8882072272996607	0.1117927727003394
0.9468417536199942	0.05315824638000568
0.4167502597560084	0.5832497402439916
0.10273532171949758	0.8972646782805024
0.43006668587507374	0.5699333141249262
0.9103317090552298	0.08966829094477016
0.1489069076464986	0.8510930923535012
0.8188422157661822	0.18115778423381762
0.7244774815554895	0.2755225184445105
0.6027782984122512	0.3972217015877489
0.943628704389947	0.056371295610053086
0.13942591895554204	0.860574081044458
0.3776730050557711	0.6223269949442286
0.06419571556042719	0.9358042844395729
0.7747836833630356	0.22521631663696456
0.2539186453819829	0.7460813546180172
0.05040405328849861	0.9495959467115013
0.8946485985985059	0.10535140140149414
0.22154434963153222	0.778455650368468
0.5507407014491223	0.44925929855087743
0.788440217038178	0.2115597829618219
0.9119363558159373	0.08806364418406294
0.8475716931603481	0.15242830683965186
0.3963554373295444	0.6036445626704554
0.9322621008235868	0.06773789917641296
0.46342885659725425	0.5365711434027457
0.9385812300321376	0.061418769967862386
0.666095675166971	0.333904324833029
0.757438460595126	0.24256153940487404
0.9105651589224243	0.08943484107757575
0.3714921870756414	0.6285078129243584
0.11450923777590703	0.8854907622240931
0.895602831891787	0.10439716810821298
0.9136198245125294	0.08638017548747066
0.9787534534097985	0.02124654659020156
0.8632051709094005	0.13679482909059917
0.858644804898281	0.14135519510171907
0.9648259249185349	0.03517407508146526
0.38384755276735977	0.6161524472326402
0.9457563453905704	0.054243654609429565
0.6092888044240619	0.390711195575938
0.35321377111317864	0.6467862288868212
0.9705847922306816	0.02941520776931847
0.8980075063748553	0.10199249362514451
0.1811378312622495	0.8188621687377505
0.7548495603675626	0.2451504396324373
0.2160737758081325	0.7839262241918676
0.9634671050793	0.03653289492070008
0.6259339852988728	0.3740660147011271
0.5963870108076166	0.4036129891923834
0.589404898471401	0.41059510152859885
0.6089118183055915	0.3910881816944085
0.8152703412152666	0.18472965878473335
0.00982955558519937	0.9901704444148007
0.4692016630211563	0.5307983369788436
0.7046201553618786	0.29537984463812145
0.0805495549645415	0.9194504450354588
0.4021670528720374	0.5978329471279625
0.3952735205667183	0.6047264794332817
0.27483027728318943	0.7251697227168105
0.8974121686136417	0.1025878313863584
0.2756206359708536	0.7243793640291466
0.8784635135182287	0.12153648648177126
0.6662845560172992	0.3337154439827009
0.8128269148874959	0.187173085112504
0.9577588608830212	0.04224113911697869
0.2505622706721275	0.7494377293278723
0.007092215882834237	0.9929077841171657
0.9586188875096724	0.04138111249032755
0.8286260361955925	0.17137396380440767
0.9530225075631996	0.046977492436800446
0.8785902127999887	0.12140978720001123
0.6691587482502382	0.33084125174976176
0.45055403173059483	0.5494459682694052
0.972776283490678	0.027223716509322076
0.19990427708123604	0.8000957229187639
0.1542380675926811	0.845761932407319
0.16190771319242303	0.8380922868075769
0.9273664736644873	0.07263352633551276
0.9506318988862034	0.04936810111379667
0.034118313740309006	0.9658816862596911
0.18810714853020788	0.8118928514697923
0.8768522666496259	0.1231477333503743
0.9107543651788076	0.08924563482119255
0.12404113443619097	0.875958865563809
0.3289261255552859	0.671073874444714
0.7580204165448582	0.24197958345514178
0.4655737513500252	0.5344262486499749
0.6850472083618907	0.31495279163810896
0.5110921985410778	0.48890780145892204
0.8356346183711062	0.16436538162889386
0.9402056120172927	0.05979438798270727
0.8554401299530502	0.14455987004695006
0.4573844507454215	0.5426155492545786
0.7378078174636409	0.26219218253635906
0.5	0.5
0.741350496150219	0.258649503849781
0.037318842460840246	0.9626811575391598
0.016108838322905838	0.983891161677094
0.8492840436841402	0.1507159563158597
0.96215578062511	0.03784421937489005
0.8618123924234935	0.13818760757650642
0.7049281669454787	0.29507183305452134
0.9284094123720226	0.07159058762797724
0.9387925783846647	0.061207421615335225
0.3589331447791004	0.6410668552208996
0.21671333920013328	0.7832866607998668
0.8236077249987651	0.17639227500123497
0.7092770954006342	0.2907229045993659
0.9482286739991025	0.05177132600089756
0.38200401553579033	0.6179959844642097
0.8764484888074796	0.12355151119252056
0.16973834667060558	0.8302616533293945
0.6158083702724922	0.38419162972750776
0.9344712977713149	0.06552870222868516
0.8985807132300047	0.10141928676999518
0.6396124330215407	0.36038756697845936
0.3018409800480789	0.6981590199519212
0.9290065494388212	0.07099345056117876
0.01499672832902682	0.9850032716709731
0.6951046212959483	0.30489537870405153
0.9495511600740121	0.05044883992598791
0.23351371073168606	0.7664862892683141
0.6948011745751927	0.3051988254248074
0.9161385346898404	0.08386146531015953
0.7812144148502435	0.2187855851497564
0.9095834247003729	0.09041657529962731
0.8330381735378765	0.16696182646212362
0.8686592380330285	0.13134076196697153
0.9640920086295512	0.0359079913704488
0.9066153455408137	0.09338465445918631
0.7897696345409736	0.2102303654590266
0.24216482039600667	0.7578351796039933
0.09093300276768855	0.9090669972323114
0.7120435720900211	0.2879564279099787
0.0761935788600416	0.9238064211399583
0.915911931634005	0.08408806836599515
0.6028604744553222	0.3971395255446778
0.5	0.5
0.9471394561575308	0.052860543842469174
0.27132662334438307	0.7286733766556168
0.14653191244863226	0.8534680875513677
0.9101940406887308	0.08980595931126918
0.9406007822397731	0.05939921776022694
0.04865356868689767	0.9513464313131025
0.18762819615326956	0.8123718038467305
0.925982154854641	0.07401784514535897
0.8233475412109396	0.17665245878906055
0.5722881695383478	0.42771183046165206
0.9730282717018441	0.026971728298155924
0.8050825487222636	0.1949174512777365
0.13982347791703692	0.860176522082963
0.20521986307132556	0.7947801369286743
0.7200767749641903	0.2799232250358097
0.9384676451009523	0.06153235489904788
0.45941340909158607	0.5405865909084141
0.08377831857743213	0.9162216814225681
0.751101093606572	0.248898906393428
0.8913040618565174	0.10869593814348269
0.7770214376729015	0.22297856232709856
0.8936382864385628	0.10636171356143717
0.13254325211419765	0.8674567478858023
0.13553394380954958	0.8644660561904502
0.6717625096546156	0.3282374903453844
0.03624868658638716	0.9637513134136128
0.5536700242950146	0.4463299757049856
0.6512443435014005	0.34875565649859946
0.9003378687863511	0.09966213121364854
0.7976906913673208	0.2023093086326792
0.9133838443306244	0.08661615566937544
0.678678072938959	0.3213219270610408
0.16042035240819252	0.8395796475918075
0.5112781037837871	0.4887218962162131
0.030723896270442978	0.9692761037295572
0.9466195877659765	0.05338041223402353
0.9021574689091743	0.09784253109082601
0.9595783339214813	0.04042166607851876
0.9903529188982396	0.009647081101760326
0.8976123675661393	0.1023876324338607
0.9460974168869197	0.053902583113080334
0.47546980681303336	0.5245301931869667
0.5550102961269644	0.4449897038730356
0.0962436649387438	0.9037563350612562
0.9179999837806748	0.08200001621932515
0.696225851663741	0.30377414833625904
0.9007482865099253	0.0992517134900746
0.8714185361301041	0.12858146386989586
0.9379700355048047	0.06202996449519533
0.8854701205095369	0.11452987949046312
0.2015332181212303	0.7984667818787698
0.8394738379318376	0.16052616206816253
0.8868599421592332	0.11314005784076663
0.2638936487414749	0.7361063512585251
0.06707291010888547	0.9329270898911147
0.8593472834619915	0.14065271653800862
0.49279229260761304	0.5072077073923871
0.9194577449676316	0.08054225503236832
0.41013643886105067	0.5898635611389493
0.8895110242583814	0.11048897574161866
0.916417883829737	0.08358211617026297
0.28580479580646806	0.7141952041935319
0.9575652290577203	0.042434770942279675
0.9280014746538602	0.0719985253461398
0.8640607930451648	0.13593920695483513
0.852121949298945	0.14787805070105506
0.9641425436544042	0.0358574563455957
0.6340393473365022	0.36596065266349764
0.9881855478503797	0.01181445214962042
0.32155763064954923	0.6784423693504507
0.8838111702179674	0.11618882978203256
0.9230408747847918	0.07695912521520806
0.7162812891148496	0.2837187108851506
0.7933048412534022	0.20669515874659775
0.2049208279700623	0.7950791720299378
0.4509035190790935	0.5490964809209066
0.3853597198109626	0.6146402801890375
0.8230454626326079	0.17695453736739208
0.8678557696148942	0.13214423038510592
0.8391448363605907	0.1608551636394093
0.7552263129234709	0.2447736870765293
0.9280963882616459	0.07190361173835413
0.016828867280186927	0.983171132719813
0.9719082755058365	0.028091724494163552
0.3891104856285189	0.6108895143714811
0.03948234873820413	0.9605176512617958
0.9600196683800929	0.039980331619907106
0.7465725033722785	0.25342749662772157
0.31301500501080015	0.6869849949891997
0.334724647336815	0.665275352663185
0.28763541352758737	0.7123645864724124
0.9504945379505423	0.049505462049457806
0.6182569489457702	0.3817430510542299
0.6168147780971928	0.3831852219028073
0.1306456559906716	0.8693543440093284
0.8560471032629214	0.14395289673707867
0.807440945127479	0.19255905487252106
0.7348489756210342	0.2651510243789658
0.15759807903091053	0.8424019209690894
0.29191668295930306	0.7080833170406969
0.6096711730073047	0.39032882699269544
0.850037411976994	0.14996258802300605
0.8126363183652042	0.18736368163479566
0.548632900739829	0.4513670992601711
0.48267307992695085	0.517326920073049
0.8667315488190455	0.1332684511809545
0.7800694222453166	0.21993057775468333
0.7624470219001221	0.2375529780998778
0.6822584171465298	0.3177415828534704
0.999241212792437	0.0007587872075629704
0.9112072948184061	0.08879270518159381
0.6722978063883823	0.3277021936116177
0.24801900689021822	0.7519809931097817
0.5399816388907481	0.46001836110925187
0.32181720761921356	0.6781827923807865
0.13791941729733034	0.8620805827026695
0.9000530010385693	0.09994699896143057
0.4145821323249053	0.5854178676750946
0.2561178496621234	0.7438821503378766
0.8625474014659709	0.13745259853402914
0.32854484523958444	0.6714551547604157
0.4058601552695507	0.5941398447304492
0.6694908702444836	0.3305091297555165
0.4425905547327177	0.5574094452672822
0.10105538461373095	0.898944615386269
0.9501656369189504	0.04983436308104943
0.5401223210252877	0.4598776789747122
0.33453136115204124	0.6654686388479588
0.528017791788805	0.4719822082111949
0.7752217898742675	0.2247782101257322
0.6354261003504869	0.36457389964951314
0.07864860453630339	0.9213513954636967
0.32617703191471603	0.673822968085284
0.9901953974734402	0.009804602526559703
0.7598113079608425	0.24018869203915758
0.29831954885695	0.70168045114305
0.5746351273690612	0.4253648726309387
0.01090370438084326	0.9890962956191568
0.33368724138206785	0.666312758617932
0.3733143321010123	0.6266856678989876
0.29781834349040925	0.7021816565095906
0.6132203184340956	0.38677968156590437
0.7145978418817719	0.2854021581182281
0.6708358898627677	0.32916411013723235
0.6432243131733286	0.3567756868266715
0.46684264635676465	0.5331573536432354
0.5605071445035911	0.4394928554964088
0.6215589259981982	0.37844107400180205
0.6893333744712311	0.3106666255287687
0.1957148655453942	0.8042851344546059
0.5262684440778809	0.4737315559221191
0.7835069873794255	0.21649301262057455
0.09805013170307385	0.9019498682969262
0.5558016520756442	0.44419834792435575
0.042993392460340125	0.9570066075396602
0.10583257496080396	0.894167425039196
0.7893829911609589	0.21061700883904103
0.6004386975688535	0.3995613024311464
0.20174819418181392	0.798251805818186
0.12347113646103897	0.8765288635389612
0.6403382900859041	0.3596617099140959
0.34573509955822235	0.6542649004417779
0.7875921966079557	0.21240780339204443
0.41846654858349513	0.5815334514165048
0.4902983458083286	0.5097016541916715
0.4451682598352089	0.5548317401647911
0.9161127210670765	0.0838872789329232
0.8307808829579275	0.16921911704207232
0.7000419224373394	0.2999580775626607
0.45611676628815995	0.5438832337118401
0.6153630677635432	0.3846369322364566
0.3078288420053126	0.6921711579946875
0.2828219626357826	0.7171780373642175
0.10903016859806305	0.8909698314019369
0.04003756867492824	0.9599624313250718
0.7538402082744137	0.2461597917255863
0.4118922904305347	0.5881077095694655
0.9072670640891957	0.09273293591080435
0.38975710397025864	0.6102428960297415
0.8775576470190728	0.12244235298092739
0.013848865008896694	0.9861511349911035
0.5622999828802452	0.4377000171197548
0.38648202106053614	0.6135179789394638
0.3750634013291386	0.6249365986708615
0.700319716499853	0.2996802835001471
0.1552730850673292	0.8447269149326706
0.5	0.5
0.6045487396358757	0.3954512603641242
0.5924134750113258	0.40758652498867415
0.5848063078495628	0.4151936921504373
0.6629340783180057	0.3370659216819944
0.6271497453579554	0.3728502546420445
0.7328115070267578	0.2671884929732423
0.6556814286034112	0.3443185713965888
0.4706098473366313	0.5293901526633689
0.44993433745185213	0.5500656625481477
0.12640776058619063	0.8735922394138095
0.09608016413208989	0.9039198358679099
0.2221587057554999	0.7778412942445002
0.696871383920458	0.3031286160795421
0.6514781995795145	0.3485218004204856
0.03926724709186805	0.9607327529081319
0.623083408521895	0.3769165914781049
0.1588319647584378	0.8411680352415621
0.7751447358733256	0.22485526412667448
0.723002709556824	0.2769972904431758
0.8488088993621592	0.15119110063784064
0.5	0.5
0.5975949686278909	0.40240503137210915
0.3434985519196961	0.6565014480803041
0.16211407246691276	0.8378859275330873
0.18945348015187702	0.810546519848123
0.662953659283453	0.3370463407165471
0.7796320202468101	0.2203679797531898
0.17324377433509097	0.8267562256649091
0.00492008101127982	0.9950799189887202
0.2898688669553298	0.7101311330446699
0.2922437849554855	0.7077562150445145
0.5274483641247355	0.47255163587526444
0.09385110953866972	0.9061488904613301
0.4659438027020407	0.5340561972979593
0.3541452765617544	0.6458547234382457
0.8215836581209345	0.17841634187906566
0.31541008901714634	0.6845899109828539
0.4592242122212809	0.5407757877787192
0.6885432583318827	0.3114567416681175
0.2502834761569314	0.7497165238430687
0.7891609641151074	0.21083903588489258
0.49361252665852223	0.5063874733414777
0.08218728516137797	0.917812714838622
0.6317462993344679	0.36825370066553226
0.19446661465542037	0.8055333853445795
0.6273438386766577	0.37265616132334234
0.5	0.5
0.38977745621216053	0.6102225437878395
0.2785117068358162	0.7214882931641837
0.5848504816666654	0.41514951833333463
0.700969715900491	0.2990302840995089
0.279082184268655	0.7209178157313451
0.5801728847297434	0.4198271152702568
0.46355724296867584	0.5364427570313243
0.08737505243872225	0.9126249475612778
0.9516985172389373	0.04830148276106277
0.3343024507243439	0.665697549275656
0.708741362143219	0.2912586378567811
0.05845754404310799	0.9415424559568919
0.9007878879370695	0.09921211206293025
0.22234978114844733	0.7776502188515527
0.8392323142555136	0.16076768574448652
0.6124617526513627	0.3875382473486374
0.735709751257541	0.26429024874245927
0.7448429433707935	0.25515705662920646
0.5715284297827182	0.42847157021728166
0.6979812728861576	0.30201872711384214
0.3369178215519231	0.6630821784480768
0.2969745300108451	0.7030254699891548
0.2412699385615191	0.7587300614384809
0.5	0.5
0.5598902565935615	0.44010974340643855
0.2373661391360082	0.7626338608639918
0.23412062120686922	0.7658793787931307
0.5471142036885498	0.45288579631145026
0.4798364913660431	0.5201635086339571
0.8718615538358563	0.12813844616414344
0.42300803607413356	0.5769919639258665
0.6958120721550975	0.3041879278449029
0.8005403520419389	0.19945964795806115
0.3984514435219918	0.6015485564780082
0.5594775460965875	0.44052245390341244
0.505694616512048	0.4943053834879521
0.1875556057544868	0.8124443942455131
0.6350690351937736	0.3649309648062265
0.6811443334929511	0.31885566650704866
0.7893769005485631	0.21062309945143698
0.41112907229175477	0.5888709277082453
0.7204033501878674	0.2795966498121325
0.20977475962279263	0.7902252403772072
0.5315473266473616	0.46845267335263846
0.17339489809572559	0.8266051019042744
0.45079833681351006	0.5492016631864902
0.27987607558217853	0.7201239244178217
0.3941874723804358	0.6058125276195643
0.2522606980615317	0.7477393019384684
0.7807699230924201	0.21923007690757992
0.5215348759905565	0.4784651240094434
0.9086956597823553	0.09130434021764468
0.16007586417894065	0.8399241358210594
0.07314957298366065	0.9268504270163392
0.01220447672890098	0.9877955232710991
0.5075690218515817	0.4924309781484181
0.37220337505565254	0.6277966249443476
0.0601995302400471	0.9398004697599528
0.03800716600699927	0.9619928339930007
0.111083529866871	0.8889164701331289
0.45678083167015776	0.5432191683298421
0.13773222608038196	0.862267773919618
0.15023761801967314	0.8497623819803268
0.7734583374977413	0.22654166250225877
0.8688187167892365	0.13118128321076336
0.7233878528470121	0.27661214715298776
0.5675447524715788	0.4324552475284212
0.6609192712289378	0.3390807287710621
0.6543621930837921	0.3456378069162079
0.820517081848885	0.1794829181511149
0.38595560004210644	0.6140443999578936
0.7011104103143834	0.2988895896856164
0.5765374833393122	0.4234625166606879
0.07368793537410101	0.9263120646258991
0.04815643881073947	0.9518435611892605
0.7599907605020126	0.2400092394979874
0.7180362798920964	0.2819637201079035
0.5103979660676018	0.4896020339323981
0.4596195622853817	0.5403804377146182
0.36887826535048107	0.6311217346495188
0.6134943744027924	0.3865056255972077
0.39032746068366686	0.6096725393163331
0.3542246500341659	0.6457753499658342
0.8197714615618599	0.1802285384381402
0.6813286136789367	0.3186713863210632
0.31904326954986645	0.6809567304501336
0.3496613750023171	0.650338624997683
0.17751435716724986	0.8224856428327502
0.16766813629341684	0.8323318637065832
0.6604188005658531	0.3395811994341467
0.14345204181054513	0.8565479581894548
0.5335514770975656	0.46644852290243455
0.20461631339401531	0.7953836866059846
0.9173293452766129	0.08267065472338722
0.062493511768520325	0.9375064882314796
0.12609798402760763	0.8739020159723925
0.1845202405655732	0.8154797594344266
0.21207357064317703	0.7879264293568231
0.18803987011778023	0.8119601298822199
0.05699398504754424	0.9430060149524554
0.2776966748161004	0.7223033251838995
0.1445978363694788	0.8554021636305211
0.5912942719777331	0.408705728022267
0.5992195166195957	0.4007804833804045
0.3976778485338469	0.602322151466153
0.3435915036409953	0.6564084963590049
0.19988232444300938	0.8001176755569908
0.5261729293203246	0.47382707067967544
0.5068974054086842	0.4931025945913155
0.8897968294806027	0.11020317051939725
0.48995613221363327	0.5100438677863668
0.521034336139318	0.47896566386068196
0.08106501551315722	0.9189349844868427
0.2652384076875831	0.7347615923124168
0.7910389315356162	0.20896106846438384
0.5683928120230355	0.43160718797696446
0.25248582139443465	0.7475141786055652
0.850820617766128	0.14917938223387203
0.6375674677817901	0.36243253221821
0.12475479122046602	0.875245208779534
0.053360613556913614	0.9466393864430863
0.18493136699440726	0.8150686330055931
0.2982930721676787	0.7017069278323211
0.4800787256618553	0.5199212743381447
0.3985024507530949	0.6014975492469052
0.004843580289455084	0.995156419710545
0.6805545929376842	0.31944540706231567
0.4446179698006455	0.5553820301993545
0.7263711168412467	0.2736288831587532
0.18748732565449286	0.8125126743455069
0.352206958892886	0.6477930411071141
0.46296619889357593	0.5370338011064241
0.21869881843704317	0.7813011815629569
0.393062365603978	0.6069376343960219
0.41200652479998795	0.5879934752000121
0.282825588208054	0.7171744117919459
0.03853245945080881	0.9614675405491909
0.6379590515565652	0.36204094844343476
0.3301757542026303	0.6698242457973699
0.2713167511205329	0.7286832488794669
0.4481018842033724	0.5518981157966276
0.45043917830812924	0.5495608216918707
0.21612745012579423	0.783872549874206
0.7651009215516638	0.23489907844833607
0.4826286195618757	0.5173713804381244
0.18930079713419948	0.8106992028658007
0.7631532992424986	0.2368467007575016
0.06923008116334481	0.9307699188366549
0.35254396350440237	0.6474560364955976
0.21690076798522553	0.7830992320147745
0.5895431508676903	0.41045684913230984
0.7733064121536046	0.22669358784639554
0.4396236716327845	0.5603763283672156
0.34118734765946707	0.658812652340533
0.2324804231778798	0.7675195768221202
0.9006400823777253	0.09935991762227447
0.7651116522101393	0.2348883477898606
0.2546693997269898	0.7453306002730102
0.9402634254291805	0.059736574570819524
0.4431948548453467	0.5568051451546534
0.6858010364718542	0.3141989635281461
0.42404103027319234	0.5759589697268076
0.0911650385095821	0.9088349614904178
0.2713453165206067	0.7286546834793932
0.3656536424062908	0.6343463575937094
0.42235152360073447	0.5776484763992655
0.42605603425321315	0.573943965746787
0.048777263821980714	0.951222736178019
0.4086174474192967	0.5913825525807034
0.7583027991068092	0.24169720089319074
0.5724722765225936	0.42752772347740636
0.34529870037832366	0.6547012996216763
0.6486175202514738	0.35138247974852616
0.813811487843875	0.18618851215612506
0.6391888786497203	0.3608111213502796
0.1329369195276154	0.8670630804723846
0.03190452975839673	0.9680954702416035
0.06357560280585409	0.9364243971941459
0.728198619805669	0.2718013801943309
0.5205828959445745	0.4794171040554254
0.8964087318373497	0.10359126816265014
0.5553425684449905	0.4446574315550095
0.730722456949417	0.26927754305058305
0.6648046860309185	0.3351953139690817
0.04413435812906521	0.9558656418709346
1.5808677032288937e-05	0.9999841913229678
0.7428565958550165	0.2571434041449835
0.6099482322095878	0.3900517677904121
0.4024962887703233	0.5975037112296766
0.8421272043032664	0.15787279569673357
0.5770357919255468	0.42296420807445334
0.45493859941653647	0.5450614005834635
0.5690892963200376	0.43091070367996237
0.24694167748494622	0.7530583225150538
0.04105430539118433	0.9589456946088157
0.9118516877456713	0.08814831225432873
0.7369637554868231	0.2630362445131768
0.5277577198478837	0.4722422801521164
0.43669694115626806	0.5633030588437319
0.2860909686311621	0.713909031368838
0.6781695590170476	0.3218304409829527
0.8916596376266839	0.10834036237331604
0.7941833114162855	0.20581668858371469
0.22862314768621275	0.7713768523137875
0.48039356189307547	0.5196064381069246
0.5769772316053656	0.4230227683946343
0.7013345512015897	0.29866544879841045
0.6343573082412076	0.3656426917587924
0.014101900682338525	0.9858980993176616
0.3194566559207078	0.6805433440792923
0.7628209157576371	0.2371790842423627
0.7111989182620755	0.2888010817379246
0.511171003896624	0.48882899610337605
0.848494055705205	0.151505944294795
0.7224244832241339	0.27757551677586606
0.8145073403856186	0.1854926596143815
0.6967513877857183	0.3032486122142818
0.050747860917584	0.9492521390824159
0.46727930335453205	0.5327206966454678
0.33191105608023713	0.6680889439197627
0.4191208907586015	0.5808791092413983
0.5249596350174034	0.47504036498259644
0.8778271414559924	0.12217285854400753
0.3662459207501208	0.633754079249879
0.8988671832032712	0.10113281679672896
0.5977211652929942	0.4022788347070057
0.5229649991508466	0.4770350008491535
0.5880210195437271	0.411978980456273
0.9092064875980079	0.09079351240199218
0.7014123962917004	0.2985876037082995
0.4359084293344959	0.5640915706655042
0.412831424403756	0.5871685755962442
0.23932967112434575	0.7606703288756544
0.5119043057232636	0.4880956942767366
0.35708745994378144	0.6429125400562187
0.39146264802160613	0.6085373519783938
0.39038409032013416	0.6096159096798658
0.7941968434995438	0.20580315650045625
0.5205353542170903	0.4794646457829097
0.3675063366321223	0.6324936633678777
0.08407706242816013	0.9159229375718398
0.2316900102837204	0.7683099897162796
0.2646489002106973	0.7353510997893027
0.8513651739106586	0.14863482608934137
0.7601225953814518	0.23987740461854834
0.05861387921839599	0.9413861207816041
0.8177670599058502	0.18223294009414992
0.06607537921812837	0.9339246207818716
0.7297149133165451	0.2702850866834548
0.820140241457406	0.17985975854259384
0.3483297468233798	0.6516702531766201
0.6860445635386034	0.3139554364613963
0.008789794686522887	0.9912102053134773
0.16037085641253848	0.8396291435874615
0.41150410387480374	0.5884958961251963
0.4740672944872734	0.5259327055127265
0.771558622422566	0.22844137757743402
0.48340768459074607	0.5165923154092538
0.5422601218358074	0.4577398781641925
0.004368450452993458	0.9956315495470065
0.48009727166761945	0.5199027283323805
0.4919267590221885	0.5080732409778115
0.6202115080550841	0.37978849194491615
0.31979515210617343	0.6802048478938266
0.20972266057608274	0.7902773394239175
0.2804356363751509	0.7195643636248493
0.05233316481542451	0.9476668351845755
0.28577060488481	0.7142293951151899
0.2606528690685696	0.7393471309314305
0.8385161545600003	0.1614838454399996
0.45813363704453525	0.5418663629554646
0.06751261647554514	0.9324873835244547
0.2805063157251739	0.719493684274826
0.6809234214340568	0.3190765785659434
0.8142693880167984	0.18573061198320176
0.5526471179202755	0.4473528820797243
0.29508767003160674	0.7049123299683933
0.41925075205333734	0.5807492479466627
0.009055047690611537	0.9909449523093884
0.6995149015703586	0.30048509842964133
0.7161728409161526	0.28382715908384737
0.8452573894394638	0.154742610560536
0.18102099868178717	0.8189790013182128
0.6374672106786056	0.3625327893213944
0.5365861020071258	0.46341389799287436
0.1589443522281596	0.8410556477718404
0.6079728686904934	0.39202713130950667
0.14086172805360098	0.8591382719463989
0.3407260281591937	0.6592739718408064
0.7549592311289531	0.2450407688710468
0.8947249245994962	0.10527507540050385
0.6353425828865213	0.36465741711347854
0.4168266046726531	0.5831733953273469
0.16327868399984866	0.8367213160001514
0.654910404142171	0.34508959585782906
0.40494765717170433	0.5950523428282957
0.415867355101476	0.5841326448985239
0.5	0.5
0.3516917213403264	0.6483082786596737
0.43192812399301256	0.5680718760069874
0.13158137771649508	0.868418622283505
0.5730706186957621	0.42692938130423796
0.5676954260884173	0.4323045739115827
0.2854909082611936	0.7145090917388062
0.33076774114583285	0.669232258854167
0.9553569263798141	0.04464307362018588
0.17170684829084373	0.8282931517091563
0.7040586305750873	0.2959413694249126
0.08328923222871293	0.9167107677712871
0.761995654153458	0.23800434584654198
0.7663196661900888	0.23368033380991118
0.685307841677564	0.3146921583224359
0.592264345628391	0.4077356543716089
0.6345023547730478	0.36549764522695216
0.004262531566376787	0.995737468433623
0.17957516434909376	0.8204248356509062
0.5098228901762375	0.4901771098237626
0.31032393213872334	0.6896760678612764
0.908814767302018	0.09118523269798211
0.30234582665341836	0.6976541733465815
0.36763794102401026	0.6323620589759897
0.626056842872392	0.3739431571276079
0.046235433465155476	0.9537645665348446
0.7430486903282174	0.2569513096717824
0.8688406539787474	0.1311593460212527
0.2004463086504425	0.7995536913495574
0.8403913984699631	0.159608601530037
0.8806773741038418	0.11932262589615805
0.7951284180744805	0.20487158192551952
0.10165281233117981	0.8983471876688202
0.5188776353794345	0.4811223646205654
0.317100647674968	0.682899352325032
0.3354683271632445	0.6645316728367555
0.5875762614466291	0.41242373855337094
0.8864259451216572	0.1135740548783428
0.43633498445956054	0.5636650155404395
0.055388663472863635	0.9446113365271365
0.4482436778907546	0.5517563221092454
0.2633336786643844	0.7366663213356156
0.6547259624264369	0.34527403757356323
0.2579708388424633	0.7420291611575368
0.40184912763911534	0.5981508723608847
0.3372131669178213	0.6627868330821787
0.5251475458575491	0.4748524541424511
0.02555245584515462	0.9744475441548455
0.1295356246838085	0.8704643753161913
0.41188014929619626	0.5881198507038038
0.3728127733601255	0.6271872266398746
0.029939156865178944	0.9700608431348211
0.5318846742688025	0.4681153257311975
0.2729365728232562	0.7270634271767438
0.017673476496045802	0.9823265235039542
0.5788494247706684	0.42115057522933164
0.7967279581051654	0.20327204189483428
0.2676665116087045	0.7323334883912956
0.550287013095535	0.44971298690446493
0.18957532745320502	0.8104246725467951
0.38008748822149263	0.6199125117785075
0.36648202925335777	0.6335179707466423
0.5778498822511132	0.42215011774888656
0.09196101567460162	0.9080389843253982
0.11338160796916348	0.8866183920308364
0.012710653748764924	0.9872893462512349
0.5391996761723512	0.4608003238276487
0.4061016681386136	0.5938983318613864
0.6905956696910787	0.30940433030892106
0.6082835502283587	0.3917164497716413
0.8612370308745715	0.13876296912542846
0.8256237028678868	0.17437629713211314
0.37157844768223436	0.6284215523177656
0.41417905099154473	0.5858209490084553
0.3265596008173438	0.6734403991826561
0.009694002757420517	0.9903059972425793
0.049155004963933525	0.9508449950360666
0.07414965578438637	0.9258503442156137
0.4879259168217919	0.5120740831782079
