0.9743167670469579	0.025683232953042198
0.9749531986977643	0.02504680130223567
0.9813303564217212	0.0186696435782788
0.959597459542511	0.04040254045748899
0.9549014337569812	0.045098566243018674
0.9910105169376263	0.008989483062373625
0.9355246691598363	0.0644753308401637
0.9260152766132818	0.07398472338671813
0.9947174075664903	0.005282592433509828
0.9878737073395569	0.012126292660443088
0.9354027741003454	0.06459722589965491
0.9077439602274401	0.09225603977256006
0.8772592804410081	0.12274071955899185
0.9706758187103028	0.02932418128969728
0.9819546416733896	0.01804535832661043
0.9472026490049297	0.052797350995070325
0.9642068436075655	0.03579315639243454
0.9312789357177818	0.06872106428221827
0.9913156594263733	0.008684340573626596
0.9902386775311469	0.009761322468853063
0.990843707033374	0.009156292966626102
0.9734717292179201	0.026528270782079914
0.9928063218881408	0.007193678111859175
0.949882054137421	0.05011794586257893
0.9947453679475754	0.0052546320524245755
0.993303840959698	0.0066961590403019945
0.9773474397742146	0.02265256022578535
0.9769025220878229	0.023097477912176995
0.938150323015189	0.06184967698481109
0.9637217079928452	0.03627829200715485
0.9389409507383552	0.06105904926164492
0.9013127955173291	0.09868720448267093
0.8816930108472002	0.11830698915279972
0.9624499877830188	0.03755001221698115
0.990771471447005	0.009228528552994993
0.9583796092276317	0.04162039077236851
0.956263870718819	0.04373612928118113
0.9873958684594454	0.01260413154055466
0.990044195650364	0.009955804349636102
0.9898764458043078	0.010123554195692334
0.8705580237055753	0.12944197629442478
0.9655559291755559	0.034444070824444034
0.9944801776578582	0.005519822342141823
0.9733202120805727	0.02667978791942727
0.9889751001875116	0.011024899812488468
0.8276675054672638	0.17233249453273622
0.9216985826165036	0.07830141738349643
0.9714990450705216	0.028500954929478406
0.9769780440534934	0.023021955946506606
0.9625230768735981	0.037476923126402086
0.9748744132126749	0.02512558678732496
0.9668925737265119	0.03310742627348807
0.9916106741092586	0.008389325890741229
0.9857916904695428	0.014208309530457021
0.9021969981312075	0.09780300186879269
0.9788880263687746	0.021111973631225415
0.876524385934014	0.1234756140659861
0.9460780023318566	0.05392199766814347
0.956192140845478	0.04380785915452191
0.9723546834351332	0.027645316564866698
0.8246633850274463	0.1753366149725538
0.974969305174277	0.025030694825723045
0.9912631409074245	0.008736859092575397
0.9331998083365527	0.06680019166344726
0.9523354255853514	0.047664574414648574
0.6846161479730027	0.3153838520269972
0.8052442592599622	0.1947557407400379
0.9496696365112095	0.05033036348879045
0.982660067406621	0.017339932593379057
0.991464102044706	0.008535897955293921
0.9848256406427786	0.015174359357221428
0.9491379211998504	0.050862078800149674
0.830444948501238	0.16955505149876207
0.9889558582180594	0.011044141781940743
0.9910699538716263	0.008930046128373548
0.9083022049408918	0.09169779505910819
0.9598879530081594	0.04011204699184058
0.9601173448291543	0.039882655170845736
0.9567311738192821	0.04326882618071787
0.923791586551417	0.07620841344858297
0.87311764809076	0.12688235190924002
0.9696817656560238	0.03031823434397625
0.9138611498377381	0.08613885016226171
0.9043912087811726	0.09560879121882732
0.9382541166488667	0.061745883351133304
0.9715710612744679	0.02842893872553205
0.9918354090978748	0.008164590902125273
0.7957779144422171	0.20422208555778273
0.9644150834226709	0.035584916577329186
0.9108277360876529	0.08917226391234724
0.9687549315527973	0.031245068447202564
0.9863269853271278	0.013673014672872222
0.9668140642350626	0.03318593576493746
0.9123744519853569	0.08762554801464326
0.9451234965845273	0.05487650341547258
0.9828276543991158	0.017172345600884136
0.9751862323790677	0.02481376762093229
0.9617659736270182	0.03823402637298182
0.9139890984451524	0.08601090155484767
0.9563456315480494	0.043654368451950656
0.9335666224678305	0.0664333775321694
0.9452021832110996	0.05479781678890038
0.8618382166239928	0.13816178337600718
0.9643709178769335	0.03562908212306649
0.9856669441548019	0.01433305584519808
0.9766980056177066	0.023301994382293394
0.988352285998549	0.011647714001451034
0.9718657052836681	0.028134294716331786
0.9141516723181392	0.08584832768186071
0.7862074365599651	0.213792563440035
0.9609811610684447	0.0390188389315554
0.9761313752597641	0.02386862474023589
0.9439378925665116	0.05606210743348827
0.9683623165876777	0.031637683412322454
0.9089743243799469	0.0910256756200532
0.7914016251693557	0.20859837483064425
0.9535135636077233	0.04648643639227666
0.9782738663561249	0.0217261336438751
0.9469374376895026	0.05306256231049747
0.9567747939632314	0.043225206036768486
0.9932135899212008	0.0067864100787993695
0.9465954573352873	0.053404542664712736
0.9618120439349698	0.038187956065030254
0.9424250427969642	0.05757495720303572
0.9484463682165983	0.05155363178340169
0.9887411815178158	0.011258818482184194
0.9719008275129597	0.02809917248704018
0.9682372116106089	0.03176278838939123
0.9837292100548728	0.016270789945127078
0.9930860786341159	0.006913921365884113
0.9730982852280456	0.02690171477195438
0.9816741449143933	0.018325855085606614
0.9581998220055026	0.041800177994497485
0.9666399783297711	0.03336002167022884
0.9341974863809134	0.0658025136190864
0.9047699008033432	0.0952300991966571
0.9751237559824469	0.024876244017553152
0.9728939684793235	0.027106031520676418
0.9625703352800333	0.03742966471996659
0.9751887565087437	0.02481124349125633
0.974304391032905	0.025695608967095027
0.9655892292481879	0.0344107707518121
0.9818558249648693	0.018144175035130605
0.9834307147702803	0.01656928522971976
0.9971695405384072	0.0028304594615926417
0.9461842384147782	0.053815761585221826
0.9377560852841021	0.06224391471589799
0.9831052931527918	0.01689470684720802
0.9798805127401561	0.02011948725984394
0.96719858476088	0.03280141523911998
0.9959834511328703	0.004016548867129609
0.9641897935629395	0.03581020643706057
0.9245710614858221	0.07542893851417795
0.9922579445770995	0.007742055422900394
0.9958973768381699	0.00410262316183011
0.9826407521239796	0.01735924787602043
0.9090335369074924	0.09096646309250751
0.9380505112328907	0.061949488767109415
0.992446703292727	0.007553296707272919
0.9567339122440764	0.04326608775592357
0.9607900695060014	0.039209930493998645
0.9239726116792916	0.0760273883207084
0.9885399244974017	0.011460075502598364
0.9863726397703078	0.013627360229692324
0.9730412466085703	0.026958753391429884
0.9610365751494677	0.03896342485053226
0.9034389495080806	0.09656105049191958
0.9805143246920144	0.01948567530798567
0.9764733531411957	0.023526646858804234
0.9683279276366761	0.03167207236332397
0.9398014833173641	0.06019851668263551
0.9797608773913488	0.020239122608651232
0.8844020922481501	0.11559790775184976
0.9726973885465667	0.027302611453433327
0.98173184749977	0.018268152500229826
0.9362405886634981	0.06375941133650202
0.98332041331562	0.01667958668437996
0.8831767282429743	0.1168232717570259
0.9768508919939299	0.023149108006070094
0.978419266326268	0.021580733673732037
0.9846508146330583	0.015349185366941874
0.966494144086442	0.03350585591355809
0.9081405707043454	0.09185942929565478
0.994547029756708	0.005452970243292041
0.9463731607165594	0.053626839283440586
0.9836686091237608	0.016331390876239176
0.9078237957857572	0.0921762042142426
0.9059504877432445	0.09404951225675545
0.9005200022635076	0.09947999773649242
0.9614729799685936	0.038527020031406276
0.9930521365947891	0.00694786340521078
0.9633783819892259	0.03662161801077402
0.9706815153044361	0.029318484695563786
0.9803815205865721	0.019618479413427984
0.9441428832280281	0.05585711677197183
0.9754922437242558	0.02450775627574434
0.8346352079901203	0.1653647920098796
0.9302940344116618	0.06970596558833803
0.9728623928534241	0.0271376071465759
0.9959628769781291	0.004037123021870784
0.9235035047456435	0.07649649525435655
0.9164690662883692	0.08353093371163069
0.9964865485339534	0.0035134514660467788
0.9483637312193298	0.051636268780670055
0.9560443190525786	0.043955680947421465
0.9146847212483589	0.08531527875164134
0.9683904981306792	0.031609501869320815
0.985315942011598	0.014684057988402008
0.9553719070434175	0.044628092956582543
0.8885850122280624	0.11141498777193747
0.9874435449392391	0.012556455060760882
0.976895860676123	0.023104139323877164
0.9587841831472622	0.041215816852737716
0.917571925679768	0.08242807432023186
0.8672487031529772	0.1327512968470226
0.8540263109704794	0.1459736890295204
0.9786108986389439	0.0213891013610562
0.9365972878532058	0.0634027121467941
0.9662352712417306	0.03376472875826944
0.9052757634082501	0.09472423659174997
0.9743157518927865	0.025684248107213432
0.9366650050275935	0.06333499497240647
0.9567927181897385	0.04320728181026146
0.948334105824429	0.05166589417557103
0.9436834431224075	0.05631655687759256
0.9820095376870653	0.017990462312934656
0.9763424985794413	0.02365750142055862
0.9936320526781616	0.00636794732183835
0.9604972675731137	0.03950273242688636
0.9805217071391495	0.019478292860850344
0.9902274137098772	0.009772586290122794
0.990365153677732	0.00963484632226806
0.9669907429514552	0.0330092570485448
0.9592778952861566	0.04072210471384351
0.9855219375179267	0.01447806248207338
0.9720960881483397	0.027903911851660204
0.9677430061642952	0.03225699383570469
0.9668049438394803	0.033195056160519563
0.8626890851365208	0.1373109148634793
0.9715556289697036	0.02844437103029632
0.9845937080279885	0.015406291972011465
0.9565962610142633	0.04340373898573657
0.9975845937394421	0.002415406260557921
0.9612879630306144	0.038712036969385626
0.9986941911807503	0.0013058088192495854
0.9834869494146189	0.016513050585381037
0.9181620627318882	0.08183793726811173
0.9833183297950594	0.016681670204940546
0.9821839668180091	0.01781603318199102
0.9594138425452698	0.04058615745473013
0.9804244458344747	0.01957555416552522
0.9791417626153818	0.020858237384618252
0.7367054046309874	0.2632945953690126
0.9854538182802869	0.014546181719713181
0.963489163506723	0.036510836493277056
0.9848066880557602	0.015193311944239842
0.9825545632594573	0.01744543674054256
0.9806767909926486	0.01932320900735141
0.9937600259197091	0.006239974080290834
0.9728857528025786	0.027114247197421424
0.9075779931172825	0.09242200688271776
0.9823655448596527	0.017634455140347276
0.9348795929999165	0.06512040700008359
0.9951829458478822	0.004817054152117662
0.9519481394843596	0.04805186051564018
0.9476412748638782	0.05235872513612186
0.889037376418608	0.11096262358139196
0.9264589043449771	0.07354109565502308
0.9875394199541272	0.012460580045872659
0.9851209672204979	0.014879032779502118
0.7203331650316694	0.2796668349683306
0.9261783119179519	0.07382168808204806
0.9967857129168707	0.0032142870831294327
0.9709357770812252	0.029064222918774755
0.979917019557145	0.02008298044285489
0.9874948486867916	0.012505151313208502
0.9075306638927466	0.09246933610725358
0.9699491889609259	0.0300508110390743
0.9705329408337965	0.029467059166203534
0.9755724543588431	0.02442754564115692
0.9574790952212007	0.04252090477879931
0.9653201395278332	0.034679860472166646
0.9375993966118045	0.062400603388195634
0.9885579866427546	0.011442013357245468
0.9383210476273167	0.06167895237268326
0.9867759603919292	0.01322403960807079
0.9845219807385849	0.015478019261415213
0.9808629738381481	0.019137026161851832
0.9768498660210608	0.023150133978939086
0.9805786985358772	0.019421301464122895
0.8955709247253995	0.10442907527460064
0.9408736237349218	0.059126376265078336
0.9765643789298397	0.023435621070160187
0.9915465085059295	0.008453491494070495
0.9883569908627113	0.011643009137288466
0.8730682190876806	0.12693178091231927
0.9367043176763319	0.06329568232366818
0.9825306739185125	0.01746932608148741
0.9957966243683132	0.004203375631686893
0.9755339606870248	0.024466039312975203
0.8929362415480251	0.10706375845197498
0.9533509213213179	0.04664907867868208
0.9106955127770348	0.08930448722296558
0.9811425057893013	0.01885749421069866
0.9827218639324813	0.017278136067518653
0.969680955273276	0.03031904472672402
0.9963356068549883	0.003664393145011606
0.9606082798416888	0.039391720158311286
0.9112791833286359	0.0887208166713641
0.9827250888642611	0.017274911135738844
0.9554383797343635	0.04456162026563647
0.9765276677464483	0.023472332253551755
0.9790596199530022	0.0209403800469979
0.964396895909636	0.035603104090364136
0.9310392432176703	0.06896075678232984
0.8997199799707446	0.10028002002925543
0.9943766811522778	0.005623318847722165
0.9695985965800833	0.030401403419916626
0.95020623066317	0.04979376933682987
0.9782119358906508	0.021788064109349213
0.9497603155528179	0.05023968444718206
0.9712681870011886	0.02873181299881155
0.9917446805032449	0.008255319496755134
0.9564401672010246	0.043559832798975275
0.9729775439317807	0.027022456068219246
0.8871963864146293	0.1128036135853707
0.9549754996550088	0.04502450034499114
0.9384184124211951	0.061581587578804935
0.9400655378205061	0.059934462179494
0.9840555979784813	0.01594440202151886
0.8370442506902216	0.16295574930977846
0.9762646203951283	0.02373537960487174
0.9911054437177654	0.008894556282234572
0.9893204058880177	0.010679594111982323
0.9838374048863376	0.016162595113662255
0.9600720980224503	0.03992790197754958
0.9669807995267815	0.03301920047321856
0.9906547932384201	0.009345206761579893
0.9689595776380624	0.0310404223619375
0.9689291178487429	0.031070882151257043
0.9967258956013471	0.0032741043986529226
0.9881162318223895	0.011883768177610431
0.9073567739666413	0.09264322603335853
0.993758779114799	0.006241220885200881
0.9776763015357408	0.022323698464259262
0.9527286072909932	0.04727139270900674
0.953527619106471	0.04647238089352899
0.9822646737476731	0.01773532625232679
0.9491336753215259	0.05086632467847422
0.9221988565627716	0.07780114343722835
0.989282984542525	0.01071701545747512
0.9832650717906305	0.016734928209369587
0.9777687883935267	0.022231211606473407
0.950842198828762	0.04915780117123804
0.9823100512579888	0.017689948742011286
0.9830007953903375	0.01699920460966262
0.9485259547060152	0.05147404529398472
0.9783597229564599	0.021640277043540043
0.9473926109419527	0.05260738905804718
0.9585195589351441	0.04148044106485598
0.9856792665690183	0.014320733430981824
0.9433542534548747	0.056645746545125386
0.9570805698683931	0.042919430131606796
0.8346287099003813	0.1653712900996187
0.9860342469706689	0.013965753029331056
0.9750063416233209	0.02499365837667904
0.9840740548385474	0.015925945161452456
0.9740426162714402	0.025957383728559977
0.9240609340117399	0.07593906598826025
0.997016996135839	0.0029830038641610354
0.8921777521116588	0.10782224788834126
0.9587720157123096	0.04122798428769037
0.9616871606721019	0.03831283932789816
0.9813822476276507	0.018617752372349212
0.9745219646947977	0.025478035305202255
0.9989992168846886	0.0010007831153114744
0.986028697031627	0.013971302968373124
0.9916769194064085	0.008323080593591548
0.9384729383889868	0.06152706161101306
0.9049545873450622	0.09504541265493771
0.9832097587952305	0.016790241204769487
0.990277732876027	0.009722267123972991
0.9790410871988013	0.020958912801198524
0.9717247177606005	0.028275282239399555
0.9671255948505976	0.032874405149402264
0.9729191279609302	0.027080872039069833
0.9195656443753982	0.08043435562460174
0.933975350339511	0.06602464966048921
0.7845630159389877	0.2154369840610122
0.9644646448451466	0.035535355154853406
0.9886403783218286	0.011359621678171221
0.9728022778552698	0.027197722144730273
0.970394991163682	0.029605008836317993
0.9925542770185066	0.007445722981493455
0.9329093783843457	0.06709062161565425
0.9705567580017422	0.02944324199825783
0.9814509281388242	0.018549071861175895
0.9380265784788605	0.061973421521139375
0.9920159428662225	0.007984057133777402
0.9453992802147655	0.05460071978523451
0.9769842739356207	0.023015726064379214
0.9287471696244933	0.0712528303755066
0.9711200159211982	0.02887998407880177
0.9735329248664305	0.02646707513356957
0.9555958273458686	0.04440417265413133
0.9771849617931713	0.02281503820682885
0.9602244433370332	0.03977555666296689
0.9700530217145941	0.029946978285405775
0.9774453397676027	0.022554660232397203
0.9949893305776663	0.005010669422333696
0.9486205691018526	0.05137943089814751
0.9675837717344523	0.0324162282655477
0.9201874764669196	0.07981252353308042
0.9595565098408518	0.040443490159148145
0.975006405821794	0.024993594178206128
0.7315136608622376	0.2684863391377623
0.9672803147007777	0.03271968529922238
0.9718598335608084	0.028140166439191507
0.9366961501091707	0.06330384989082923
0.9855087428601476	0.014491257139852434
0.9745623451602947	0.025437654839705347
0.987183175580223	0.01281682441977718
0.9829301603816761	0.01706983961832376
0.9630031201331689	0.03699687986683115
0.9185539715019708	0.0814460284980292
0.9562326607334756	0.04376733926652433
0.9694137489858216	0.03058625101417833
0.9623663057371574	0.037633694262842576
0.9959084766171095	0.004091523382890615
0.9821454011390076	0.01785459886099244
0.9911364626179059	0.008863537382094111
0.9073633311019196	0.09263666889808037
0.973342310534172	0.026657689465828034
0.9449892922206237	0.055010707779376486
0.9929948328021136	0.007005167197886196
0.943138651131988	0.05686134886801199
0.9615186497347342	0.03848135026526596
0.9628654153729531	0.037134584627046906
0.9666076477195631	0.03339235228043699
0.948148750354099	0.05185124964590111
0.9187910822790072	0.08120891772099284
0.9404522261300547	0.05954777386994524
0.9898646753633572	0.01013532463664278
0.9630095535540307	0.03699044644596926
0.9786234408530363	0.02137655914696382
0.9578306326947119	0.04216936730528795
0.8296576008837442	0.17034239911625604
0.976041133935874	0.02395886606412598
0.9448536487766568	0.055146351223343285
0.9461015929841071	0.05389840701589282
0.9803956836394004	0.019604316360599488
0.9565863287537908	0.0434136712462092
0.9670667755195523	0.03293322448044762
0.99523145181056	0.004768548189439999
0.9773009854958189	0.022699014504181096
0.9011043004333826	0.09889569956661767
0.9946029545372923	0.005397045462707642
0.9767854656910633	0.02321453430893665
0.9916466556998766	0.008353344300123251
0.9813335146494347	0.01866648535056507
0.9812241017623988	0.018775898237601025
0.9779953056783249	0.022004694321675098
0.9585190856638908	0.0414809143361092
0.9555086118112437	0.044491388188756316
0.9272974224422623	0.07270257755773774
0.9498264884764437	0.05017351152355633
0.9826776271494589	0.017322372850541046
0.9845660276505783	0.0154339723494217
0.9856396431532852	0.014360356846714691
0.9621515839010254	0.03784841609897475
0.988441362042467	0.011558637957532921
0.9804365291965602	0.019563470803439807
0.9357420209693947	0.06425797903060523
0.9863927287480925	0.013607271251907626
0.968628427497125	0.03137157250287517
0.9725918620279295	0.02740813797207059
0.9965443186647018	0.003455681335298191
0.9694895578996767	0.03051044210032332
0.9727940887539277	0.027205911246072138
0.9763867483232883	0.023613251676711616
0.9645318224568422	0.035468177543157633
0.9727454793828173	0.027254520617182643
0.9841295076198407	0.015870492380159244
0.9824924156381796	0.017507584361820316
0.9237830038443116	0.07621699615568836
0.940832786635826	0.05916721336417392
0.9464311233880754	0.05356887661192444
0.9155300868264834	0.08446991317351688
0.9397106699400818	0.06028933005991812
0.94295117984353	0.05704882015647001
0.9678783193947261	0.03212168060527391
0.9747402752116054	0.025259724788394656
0.9558393059041776	0.04416069409582232
0.9305389807844624	0.06946101921553754
0.9784297341343243	0.02157026586567559
0.9928034970933299	0.0071965029066701144
0.9666405205151102	0.03335947948488965
0.9701136619894049	0.029886338010595103
0.9868424272712897	0.01315757272871032
0.9994404312077662	0.0005595687922339191
0.5	0.5
0.6316534107774165	0.36834658922258334
0.7315864778163966	0.2684135221836036
0.68063220931136	0.3193677906886402
0.48657908787294407	0.513420912127056
0.35376736014692206	0.6462326398530782
0.9081445990834865	0.09185540091651327
0.5289924842201553	0.47100751577984457
0.7609197961110146	0.2390802038889854
0.9632329111411198	0.03676708885888019
0.6040114022533051	0.39598859774669487
0.6915235532817444	0.30847644671825536
0.8609123043578404	0.1390876956421595
0.943689354634036	0.056310645365963925
0.6630773885312519	0.3369226114687479
0.9529270665819964	0.04707293341800353
0.8069443999267669	0.19305560007323325
0.9333133792466325	0.06668662075336765
0.2498113516247068	0.7501886483752931
0.992060940958261	0.00793905904173903
0.8710808676194722	0.1289191323805278
0.3760282851081914	0.6239717148918085
0.8409990101250862	0.159000989874914
0.9288291645334572	0.07117083546654275
0.9447751698657795	0.0552248301342205
0.7509046954126153	0.24909530458738463
0.47825887981025744	0.5217411201897426
0.11141640073040762	0.8885835992695924
0.7027642681555838	0.2972357318444164
0.7886455666163711	0.21135443338362875
0.8299518206107008	0.17004817938929906
0.3963643468236115	0.6036356531763883
0.9600610712672427	0.03993892873275721
0.9009359589156466	0.09906404108435343
0.7314057291497521	0.26859427085024784
0.9032545586776571	0.0967454413223428
0.8839165650722605	0.11608343492773973
0.6608473175197679	0.339152682480232
0.7223994227567854	0.27760057724321446
0.6292028469104545	0.3707971530895456
0.7298119186063143	0.2701880813936857
0.8611406602801575	0.13885933971984274
0.4604726468746732	0.5395273531253267
0.8146767722378676	0.18532322776213245
0.3748010874935266	0.6251989125064734
0.2840028643976207	0.7159971356023792
0.6892988433227124	0.3107011566772877
0.7683661124369021	0.23163388756309786
0.37637520157755266	0.6236247984224474
0.3527160011070064	0.6472839988929936
0.6876705663276361	0.3123294336723638
0.6809152590455922	0.31908474095440775
0.6574991850296649	0.34250081497033513
0.7339482517360281	0.26605174826397204
0.868498400313915	0.1315015996860851
0.8274698690686492	0.17253013093135078
0.9682880080544368	0.03171199194556328
0.9518453066089211	0.048154693391078904
0.8102857626460801	0.18971423735391962
0.7193596966445666	0.2806403033554334
0.9124908592564123	0.08750914074358769
0.8464038836339228	0.15359611636607728
0.6292594231197507	0.37074057688024936
0.08053346768663859	0.9194665323133615
0.22610264271541494	0.7738973572845852
0.8597460253713596	0.14025397462864042
0.5309628710668728	0.46903712893312705
0.9418941469041093	0.05810585309589071
0.7261204460252224	0.2738795539747773
0.6578390438055984	0.3421609561944015
4.720436457448451e-07	0.9999995279563543
0.17111454413255567	0.8288854558674441
0.9308399467804458	0.06916005321955417
0.582687856041359	0.4173121439586411
0.8829805135218688	0.11701948647813101
0.33785443196582315	0.6621455680341767
0.8308283037535024	0.1691716962464977
0.5556586635828761	0.4443413364171239
0.8581669624065842	0.1418330375934157
0.8653314474110803	0.13466855258891958
0.8583220748703405	0.14167792512965946
0.923501502282892	0.07649849771710787
0.9151318933878633	0.08486810661213703
0.44527282995105244	0.5547271700489477
0.9038871375861915	0.09611286241380866
0.9232560376281022	0.07674396237189775
0.2649730913406981	0.7350269086593019
0.41007098938849756	0.5899290106115025
0.39092561294197986	0.6090743870580201
0.837698839308953	0.16230116069104722
0.803145049084061	0.1968549509159391
0.2745763766992999	0.7254236233007003
0.6787759849315538	0.32122401506844606
0.7118973079202605	0.28810269207973954
0.9240416605914868	0.07595833940851308
0.8887772073997734	0.11122279260022647
0.8909714757753378	0.10902852422466222
0.7721837023599024	0.22781629764009761
0.9704983470012578	0.02950165299874223
0.14625524771463136	0.8537447522853687
0.28024110264991425	0.7197588973500855
0.3049130979778731	0.6950869020221269
0.9504530346409892	0.04954696535901087
0.7606493649222663	0.23935063507773388
0.6455946260474594	0.3544053739525405
0.315309790762075	0.684690209237925
0.16118214582995283	0.8388178541700474
0.767944102295662	0.23205589770433807
0.7625592359588456	0.2374407640411544
0.4208867937316171	0.5791132062683829
0.6629978159696097	0.3370021840303903
0.4616846119244581	0.5383153880755418
0.5220517230597354	0.47794827694026454
0.7187320002081303	0.2812679997918698
0.7682960249833396	0.2317039750166607
0.8989239496297656	0.10107605037023437
0.6078815206931223	0.3921184793068777
0.847845881649766	0.15215411835023396
0.9841980286172144	0.015801971382785687
0.4740743847260059	0.5259256152739942
0.920693657389962	0.07930634261003798
0.14489952053144986	0.8551004794685498
0.8165170734551392	0.18348292654486092
0.9060898416185326	0.09391015838146748
0.8771108340401218	0.1228891659598782
0.5790185925597808	0.42098140744021917
0.8057491906040458	0.19425080939595404
0.5851653654882593	0.4148346345117407
0.9190765647236157	0.08092343527638433
0.8923175762254711	0.10768242377452901
0.2165498322542833	0.7834501677457166
0.31241201850701844	0.6875879814929817
0.9134163917672228	0.08658360823277698
0.6135608946441478	0.3864391053558523
0.8708667987170021	0.1291332012829981
0.12337300309306078	0.876626996906939
0.8984834045545311	0.10151659544546877
0.9380952050137514	0.06190479498624874
0.8619378480557078	0.1380621519442923
0.9888205675024124	0.011179432497587525
0.9208364802576098	0.07916351974239014
0.8535055906305948	0.14649440936940497
0.7798089551505832	0.22019104484941673
0.885044572817274	0.11495542718272585
0.5083481930627144	0.49165180693728555
0.9225427650525377	0.07745723494746229
0.628180255853846	0.37181974414615404
0.66089571416082	0.3391042858391799
0.775886096705777	0.22411390329422282
0.47770094961982784	0.5222990503801722
0.7492963673207619	0.2507036326792381
0.8675868106608293	0.13241318933917084
0.9381301715821212	0.0618698284178789
0.619973567134954	0.3800264328650459
0.9064650718878063	0.09353492811219388
0.5649004977982043	0.4350995022017957
0.4852205221165407	0.5147794778834591
0.47543295577838923	0.5245670442216108
0.9267897782384368	0.07321022176156332
0.7299027851064082	0.270097214893592
0.7429871889397429	0.25701281106025714
0.07384194833554257	0.9261580516644573
0.7239966520763047	0.27600334792369524
0.9691909559620625	0.030809044037937435
0.6969943172504354	0.3030056827495648
0.9346495126862433	0.06535048731375673
0.4239894872298868	0.5760105127701131
0.7853352948775544	0.21466470512244562
0.45927437687728234	0.5407256231227177
0.906595571212881	0.0934044287871187
0.7145932655617604	0.2854067344382398
0.13430131914361457	0.8656986808563855
0.7760264413652426	0.2239735586347574
0.8765039980135156	0.12349600198648447
0.9059476458148955	0.09405235418510448
0.9348149807438797	0.06518501925612025
0.7390971616815458	0.26090283831845434
0.4546294650636201	0.54537053493638
0.03441530879924812	0.9655846912007516
0.8035171859775868	0.19648281402241327
0.8763901054418795	0.12360989455812073
0.7235791354909037	0.27642086450909625
0.04054468338441828	0.9594553166155817
0.44866010568844505	0.551339894311555
0.8805440931734603	0.11945590682653981
0.8775477177539404	0.12245228224605967
0.2503845686256498	0.7496154313743502
0.8241408476036598	0.17585915239634037
0.7697181088968696	0.23028189110313013
0.9052327944604591	0.0947672055395409
0.4697217380936863	0.5302782619063138
0.7562677292483898	0.24373227075161052
0.7147208430819674	0.2852791569180325
0.8160871028562235	0.18391289714377648
0.06318699779744175	0.9368130022025581
0.804140365376676	0.19585963462332412
0.7524160970456377	0.24758390295436244
0.6152881241811694	0.3847118758188306
0.21774734900709267	0.7822526509929074
0.5243978561071926	0.47560214389280736
0.691238259908453	0.3087617400915471
0.6548267190168088	0.3451732809831912
0.5834966673733191	0.416503332626681
0.9367760743287115	0.06322392567128864
0.8668100999154819	0.13318990008451814
0.9098129171917029	0.09018708280829693
0.8989211848496645	0.1010788151503355
0.9645876815643929	0.03541231843560727
0.5558535893530401	0.4441464106469598
0.8033149610505617	0.19668503894943817
0.8594595174033558	0.1405404825966443
0.4298705048726575	0.5701294951273423
0.914669305153741	0.08533069484625912
0.9674720892581745	0.03252791074182551
0.5	0.5
0.6828980120151227	0.3171019879848772
0.9481083114221613	0.05189168857783866
0.987079713490014	0.01292028650998601
0.07004882977447041	0.9299511702255293
0.7614234100796421	0.23857658992035796
0.9617396914306469	0.038260308569353065
0.5991992427565541	0.4008007572434457
0.7177562748076889	0.2822437251923113
0.451763433257577	0.5482365667424232
0.5	0.5
0.4502336284895182	0.5497663715104818
0.0908181219836064	0.9091818780163937
0.138305036447328	0.8616949635526718
0.8210539021426058	0.1789460978573941
0.8935082755576198	0.10649172444238006
0.36571578079438455	0.6342842192056156
0.5405026785170035	0.45949732148299643
0.8411181746504676	0.15888182534953224
0.9091536844258514	0.09084631557414874
0.7931158516379311	0.20688414836206928
0.802820131329108	0.19717986867089188
0.563272858759693	0.43672714124030704
0.4254137813433935	0.5745862186566065
0.895532232470332	0.104467767529668
0.7986910007833873	0.20130899921661286
0.7454630247796418	0.2545369752203581
0.6893410297942467	0.3106589702057532
0.9110654588771634	0.08893454112283677
0.9553833015728416	0.04461669842715824
0.2839826086892391	0.7160173913107606
0.923828694038159	0.07617130596184095
0.3475890346612627	0.6524109653387373
0.9116572080593373	0.08834279194066262
0.8039441648714882	0.19605583512851177
0.25159995582539707	0.748400044174603
0.9393254068376188	0.060674593162381295
0.5315055861567662	0.46849441384323387
0.9382319353238493	0.06176806467615061
0.6460507386129926	0.3539492613870075
0.6458159630636005	0.35418403693639955
0.6601894709129819	0.3398105290870182
0.8896723408723528	0.11032765912764725
0.853853508596371	0.14614649140362895
0.33520489854639524	0.6647951014536047
0.6078057525099827	0.3921942474900173
0.19592360926422273	0.8040763907357774
0.9284614540620748	0.07153854593792519
0.6930621805555911	0.3069378194444089
0.7000605150534859	0.29993948494651423
0.9005435433402822	0.099456456659718
0.9336993800795749	0.066300619920425
0.27571160654055876	0.7242883934594411
0.9871988153102803	0.012801184689719582
0.7348081184040745	0.2651918815959257
0.7188530407473553	0.2811469592526446
0.9411873407215505	0.058812659278449364
0.5898459141592735	0.41015408584072666
0.7949083393922594	0.20509166060774076
0.4940352601519494	0.5059647398480506
0.8327687325237333	0.16723126747626654
0.91869303774703	0.08130696225296996
0.8383576781306642	0.1616423218693359
0.8545194467525762	0.1454805532474238
0.6830634081369505	0.3169365918630495
0.7324087922487585	0.2675912077512413
0.9855617159288401	0.014438284071159956
0.4463571041835994	0.5536428958164006
0.9114731537094218	0.08852684629057835
0.9435867042374293	0.05641329576257059
0.4576279130824519	0.5423720869175482
0.7927848989424331	0.20721510105756702
0.6084290773524736	0.39157092264752624
0.9306841457611496	0.06931585423885016
0.4826131146840345	0.5173868853159656
0.5731605606560123	0.4268394393439879
0.9735692359663961	0.02643076403360396
0.48903162102692005	0.5109683789730798
0.6878651708536994	0.3121348291463008
0.8334811113369481	0.16651888866305178
0.8187491531419423	0.1812508468580575
0.8022190540016085	0.1977809459983913
0.475790655177404	0.5242093448225958
0.9102272947738488	0.08977270522615141
0.7361736017453568	0.2638263982546433
0.42434432296240354	0.5756556770375966
0.07054185439199302	0.929458145608007
0.2898235832604465	0.7101764167395535
0.8687654448329712	0.1312345551670288
0.7701228768651058	0.22987712313489403
0.8161348186353182	0.1838651813646816
0.5	0.5
0.9926105486195698	0.007389451380430175
0.9401853244006211	0.05981467559937892
0.2788191056660659	0.7211808943339342
0.09592323201103678	0.9040767679889634
0.19365782055655123	0.806342179443449
0.9342023467262693	0.06579765327373076
0.8536861958664419	0.14631380413355818
0.8216975214915472	0.17830247850845304
0.7995708264497586	0.20042917355024154
0.7433431216941138	0.2566568783058861
0.44735072324662933	0.5526492767533705
0.7987911787081846	0.2012088212918156
0.3902748358357505	0.6097251641642495
0.8487060286069953	0.1512939713930047
0.9227562808813407	0.07724371911865947
0.9053723866513615	0.09462761334863838
0.5434314851137723	0.45656851488622774
0.4005424329311038	0.5994575670688962
0.9600792565245528	0.039920743475447086
0.9307860631540191	0.06921393684598108
0.9262203047398309	0.07377969526016903
0.8494899618744739	0.150510038125526
0.27443395330903564	0.7255660466909644
0.8442409725400378	0.15575902745996206
0.8055132581213614	0.19448674187863862
0.9221368461486527	0.0778631538513474
0.6050635281893095	0.3949364718106904
0.9626030595363225	0.037396940463677406
0.7617632156891128	0.23823678431088735
0.6971660134760912	0.3028339865239088
0.7382997146215838	0.2617002853784164
0.9004197310051301	0.0995802689948701
0.5156168301440767	0.4843831698559232
0.8988494799094378	0.10115052009056211
0.9068155547718215	0.09318444522817838
0.25742206053388084	0.7425779394661192
0.8399596015249384	0.16004039847506155
0.8432995434296368	0.15670045657036338
0.09971078735597845	0.9002892126440214
0.6582757644355154	0.34172423556448467
0.6995161428633739	0.30048385713662623
0.4528221962101556	0.5471778037898444
0.8530689867354925	0.14693101326450742
0.9836180603706065	0.01638193962939334
0.687122818021602	0.3128771819783981
0.8066488230029052	0.19335117699709456
0.9497451467255714	0.05025485327442874
0.7338717980597756	0.2661282019402244
0.9081745014626046	0.09182549853739569
0.8612150527626443	0.1387849472373554
0.17674211673782186	0.8232578832621782
0.27230825296884337	0.7276917470311566
0.5695766604057363	0.43042333959426393
0.886787842784423	0.11321215721557705
0.9389022300960504	0.061097769903949585
0.8170441969787712	0.18295580302122905
0.8997731974589729	0.10022680254102712
0.8357068237346964	0.16429317626530365
0.03551563847357116	0.9644843615264289
0.8529022214427635	0.14709777855723627
0.8741746151377868	0.12582538486221312
0.9650115835058333	0.03498841649416674
0.7203972806644664	0.2796027193355337
0.65880427195303	0.3411957280469699
0.8481647550011752	0.15183524499882467
0.7497380877136298	0.2502619122863702
0.9253026185702552	0.07469738142974494
0.9199659424031221	0.08003405759687784
0.5907189692734148	0.409281030726585
0.3050676104253513	0.6949323895746488
0.011645522181666373	0.9883544778183337
0.37370064326214447	0.6262993567378555
0.8637649634379876	0.13623503656201255
0.9872820084470102	0.012717991552989786
0.7642960361135313	0.23570396388646891
0.7460007736549912	0.2539992263450088
0.686063400698885	0.313936599301115
0.006026915831495238	0.9939730841685049
0.9547889819588421	0.04521101804115799
0.3807191698257196	0.6192808301742804
0.8896409729865675	0.11035902701343274
0.8565348356110372	0.14346516438896265
0.8958309631312364	0.10416903686876368
0.5466122411645081	0.45338775883549176
0.8857164467948879	0.11428355320511198
0.19160534783388508	0.808394652166115
0.8494066632413997	0.1505933367586002
0.782290237037304	0.21770976296269606
0.6479698633535111	0.35203013664648886
0.1226858349365345	0.8773141650634655
0.7352612426049965	0.26473875739500363
0.5942358912022888	0.405764108797711
0.955890932848388	0.04410906715161212
0.3776713650975414	0.6223286349024587
0.6409444832739536	0.35905551672604646
0.9479494101866162	0.052050589813383764
0.030173744382219474	0.9698262556177807
0.9133335296846697	0.08666647031533029
0.9270410821453656	0.07295891785463414
0.9462651491256695	0.05373485087433043
0.39287885913680776	0.6071211408631922
0.9612960504569756	0.03870394954302442
0.8176376325455041	0.18236236745449583
0.12340444858363399	0.8765955514163659
0.5656957008507685	0.4343042991492315
0.5718919129031855	0.4281080870968144
0.8476963692181	0.15230363078190023
0.6337543760402746	0.3662456239597253
0.8711102733320434	0.12888972666795653
0.7690380210451071	0.230961978954893
0.6778131066492713	0.3221868933507286
0.9394151523757527	0.060584847624247394
0.9497466459778728	0.05025335402212711
0.9225276644368815	0.07747233556311832
0.9103786888482989	0.08962131115170117
0.1156077187462697	0.8843922812537302
0.8240099574132078	0.1759900425867922
0.893664789322124	0.10633521067787616
0.1501203979369057	0.8498796020630942
0.9572443929988835	0.04275560700111654
0.9436470586387646	0.05635294136123527
0.8865819537004428	0.11341804629955703
0.8219088011811563	0.17809119881884392
0.9650325420317835	0.03496745796821648
0.7927886976836055	0.2072113023163943
0.6797868133470021	0.32021318665299814
0.33730126074045336	0.6626987392595468
0.8930723260800358	0.10692767391996398
0.9473235256470157	0.05267647435298436
0.22210204721600244	0.7778979527839975
0.9419794622345148	0.058020537765485235
0.8827136313657695	0.11728636863423081
0.007945388427147995	0.992054611572852
0.458660637847084	0.541339362152916
0.7037517551638593	0.2962482448361409
0.4887827945076961	0.5112172054923039
0.7297048834863988	0.270295116513601
0.8958805577158522	0.10411944228414788
0.35957663013304664	0.6404233698669534
0.778425099133724	0.221574900866276
0.5471088925891271	0.45289110741087296
0.7162337077435591	0.28376629225644107
0.7894950091818482	0.21050499081815172
0.6127782733870264	0.38722172661297366
0.8456885200833553	0.1543114799166446
0.9289076072013033	0.07109239279869678
0.8627414398682876	0.1372585601317126
0.2025110151622336	0.7974889848377663
0.9002325429793431	0.0997674570206569
0.30843467471559083	0.6915653252844092
0.39383128262858985	0.6061687173714102
0.3911581979198487	0.6088418020801513
0.8775835966222244	0.12241640337777568
0.4790486245570951	0.5209513754429049
0.3174572078398329	0.6825427921601671
0.9024980335307433	0.0975019664692569
0.5	0.5
0.9115815689846669	0.08841843101533312
0.9395085285002891	0.06049147149971068
0.3731409140014278	0.6268590859985723
0.9238797754507846	0.07612022454921552
0.7800371881529822	0.21996281184701802
0.0073660930001842526	0.9926339069998159
0.8867905663014192	0.1132094336985808
0.9419111690188445	0.05808883098115543
0.8793279952579406	0.12067200474205944
0.14835494141867872	0.8516450585813212
0.7045074280803209	0.29549257191967904
0.7051221747726013	0.2948778252273987
0.05273206538019665	0.9472679346198035
0.41434611149100864	0.5856538885089912
0.9855298992302801	0.014470100769719878
0.8398790751307156	0.1601209248692846
0.8672781395631938	0.13272186043680642
0.7356465543653622	0.2643534456346378
0.4445160422108152	0.5554839577891849
0.26186154571875914	0.7381384542812407
0.8442143433459619	0.15578565665403793
0.41014817626467936	0.5898518237353207
0.5123284244623948	0.48767157553760504
0.0028427768465595945	0.9971572231534404
0.8009467498697342	0.19905325013026576
0.7080699689966815	0.29193003100331855
0.8915194174239848	0.10848058257601527
0.9356125256196071	0.06438747438039301
0.8697324898301867	0.1302675101698133
0.8339427643283657	0.16605723567163452
0.5157883428187678	0.484211657181232
0.8376049484669595	0.16239505153304065
0.5951252881732307	0.40487471182676926
0.31680153508194897	0.683198464918051
0.7054917341329772	0.29450826586702294
0.5397138386147452	0.4602861613852548
0.8112050678549834	0.18879493214501686
